347
378
566
323
1067
624
942
489
335
456
582
311
265
339
788
338
237
372
465
359
388
663
244
519
368
580
478
1008
473
653
609
587
296
600
618
278
167
661
323
189
460
520
520
883
589
420
509
373
417
586
631
564
608
590
373
351
499
301
384
396
406
288
492
736
342
348
171
343
1117
431
268
228
1226
1199
428
291
463
450
933
540
334
358
219
733
883
970
609
875
799
438
529
413
157
500
413
724
386
685
660
519
461
753
181
1518
395
251
429
641
616
520
1820
620
494
552
366
325
537
514
357
594
553
484
298
251
362
362
498
463
385
714
589
643
550
411
235
330
466
550
489
816
876
351
447
526
355
363
441
440
437
242
658
514
469
953
663
384
291
158
413
334
350
421
392
392
401
413
284
381
1310
308
285
256
267
332
741
484
1041
360
1236
616
481
315
573
577
587
244
740
524
381
211
657
451
425
935
465
555
434
445
701
334
472
626
1181
501
388
363
395
624
382
396
390
621
599
507
984
420
565
840
587
476
395
597
353
510
617
1320
477
324
498
407
629
302
449
665
481
736
403
498
436
559
333
600
747
135
263
323
484
322
375
567
392
907
483
309
999
711
646
311
568
1032
475
292
362
528
251
320
312
429
498
368
710
457
149
290
430
657
189
541
374
451
669
310
410
635
515
474
344
420
715
391
305
440
713
593
483
479
751
350
597
586
489
513
452
1052
403
285
625
338
468
287
332
366
220
431
592
304
561
412
435
615
528
483
384
346
242
505
462
445
526
290
734
389
254
773
293
406
321
332
441
547
744
348
471
313
495
328
400
346
372
414
493
534
178
384
380
545
644
388
653
408
498
665
493
1121
337
271
309
414
638
525
601
593
520
352
601
455
596
621
720
280
454
370
461
462
468
384
311
492
465
407
733
541
343
370
426
546
492
505
327
540
637
518
311
368
453
395
394
334
691
302
167
604
477
334
785
515
406
237
265
547
675
626
184
325
389
565
669
902
261
296
458
377
471
371
611
312
371
379
687
579
264
512
345
243
658
371
627
640
557
337
512
439
470
445
279
628
469
873
461
365
513
576
943
382
345
445
470
223
710
604
377
507
257
515
529
492
556
389
759
470
531
1106
289
379
444
605
618
413
519
366
677
367
352
364
532
381
542
702
345
740
647
223
430
697
507
734
360
602
580
351
388
296
343
473
546
608
413
559
323
396
666
890
767
650
253
457
507
640
527
728
349
363
480
523
654
375
401
172
360
267
779
407
300
471
369
364
332
347
681
621
957
542
353
199
518
348
580
235
593
1101
586
572
770
176
425
477
378
734
817
323
269
354
308
606
453
162
393
402
555
284
518
943
438
639
475
658
427
442
532
645
290
547
382
468
451
394
248
658
393
454
476
468
308
376
553
1017
1483
468
407
523
450
417
461
408
345
470
496
432
177
985
489
280
345
643
343
504
249
301
549
677
1106
1068
381
401
351
362
761
641
625
448
863
548
312
428
522
900
364
510
667
389
551
807
246
468
334
547
1466
442
426
319
796
610
509
849
509
1107
309
269
296
485
148
552
352
548
517
454
436
321
521
352
451
587
706
549
629
665
389
234
396
470
498
369
334
371
719
315
585
457
240
540
1074
415
307
775
554
493
384
319
493
626
754
437
523
621
521
466
529
1033
487
510
453
361
366
535
553
239
610
373
868
732
343
475
615
488
501
640
345
391
399
257
148
246
403
313
557
944
355
478
599
252
391
309
495
518
357
600
399
456
458
575
165
414
328
408
596
489
357
602
479
341
389
669
307
906
294
497
601
625
410
628
1036
399
693
379
418
690
328
601
449
525
248
365
340
269
634
203
1612
593
332
461
592
534
433
657
568
311
599
429
278
536
433
753
350
434
464
303
495
758
277
316
564
399
454
342
324
383
705
263
476
364
846
494
510
590
368
546
479
422
330
702
499
577
405
350
278
523
285
372
614
528
445
446
301
231
489
507
777
423
436
526
391
622
526
452
426
270
320
424
299
230
674
352
244
496
655
768
292
488
321
461
195
659
555
524
466
394
653
462
581
681
477
535
426
320
442
384
530
475
424
544
314
289
252
575
344
403
341
262
849
433
464
367
673
483
1288
330
959
354
579
544
708
697
462
466
266
489
356
751
582
472
404
1112
234
390
488
292
1188
772
540
424
438
700
326
380
809
575
408
816
433
1046
570
411
507
425
912
428
534
520
745
478
652
439
638
455
330
441
285
390
586
1328
503
360
488
576
477
624
689
757
248
667
311
635
1408
409
604
605
326
581
172
302
688
740
299
631
306
749
331
309
380
1145
474
467
350
731
368
347
682
315
558
532
382
469
439
271
391
543
531
602
329
713
497
431
241
356
397
275
650
757
432
531
384
354
675
354
334
609
337
388
467
396
126
291
755
451
817
372
1318
235
264
397
382
1187
504
418
871
654
356
669
351
483
380
250
936
231
597
454
250
371
462
659
326
178
620
681
327
466
606
592
733
514
418
689
388
573
634
814
339
521
358
230
611
451
218
396
408
525
308
356
542
259
383
373
51
314
656
472
496
472
1176
536
332
617
415
590
490
492
789
972
465
219
378
1006
274
269
448
206
387
460
584
531
660
990
291
351
672
194
194
405
312
616
830
394
266
270
239
380
599
589
546
1064
1103
394
449
470
583
681
241
415
256
271
347
338
580
354
804
370
348
523
463
420
286
403
322
798
376
283
374
391
355
392
224
292
596
907
636
480
853
563
630
661
303
392
338
642
412
732
501
211
298
354
444
568
310
602
464
894
382
662
470
520
230
300
333
371
203
346
527
562
684
250
329
527
409
571
372
435
409
605
318
954
923
524
429
503
343
579
353
636
358
551
236
535
382
443
368
285
779
682
400
843
483
140
365
428
893
570
456
442
507
417
371
510
331
806
500
570
290
813
475
288
281
727
515
223
428
376
452
438
441
516
441
923
352
335
317
462
289
244
425
1059
768
560
340
470
519
621
331
420
825
503
502
287
428
378
788
500
326
463
851
663
238
339
336
482
291
759
367
231
670
2016
462
728
356
475
394
325
486
323
1165
349
751
377
381
618
1500
509
695
380
410
330
285
463
757
433
371
451
322
518
443
487
712
539
788
383
440
188
614
570
650
348
320
303
736
513
362
361
439
418
370
667
600
593
477
584
346
420
285
398
1421
834
406
557
444
376
257
370
781
296
524
398
352
417
703
462
558
383
784
495
409
260
369
501
289
582
502
474
720
1115
595
401
529
478
183
434
545
444
280
549
457
552
421
384
392
430
367
397
650
391
293
716
613
450
329
545
592
307
377
895
431
263
316
444
535
326
799
368
725
524
252
434
205
456
410
392
447
556
381
558
659
846
131
381
162
592
633
490
988
472
420
461
365
1182
331
354
340
562
396
604
442
881
361
477
753
397
374
570
322
361
518
549
426
494
246
864
416
831
472
830
745
425
773
615
286
305
525
408
330
967
474
511
447
277
407
449
425
609
352
390
474
363
342
798
429
453
785
702
246
764
340
680
231
509
294
433
470
501
262
491
321
497
437
818
359
863
408
548
698
839
198
246
210
473
626
716
209
368
357
549
549
361
674
540
443
550
316
407
244
566
501
359
212
468
553
791
894
132
569
390
353
384
375
222
658
263
383
488
585
348
304
374
615
335
417
486
260
332
346
330
301
389
601
543
383
492
671
785
293
703
356
503
621
642
447
528
573
330
243
210
464
342
311
400
443
208
596
487
210
569
635
493
537
428
292
396
633
434
256
598
443
634
428
343
529
436
571
438
520
799
617
396
283
315
754
271
353
658
401
511
419
402
868
691
808
319
548
594
374
370
229
572
412
685
579
499
391
393
690
657
372
879
565
522
316
495
599
444
420
632
692
264
464
720
902
293
430
385
465
389
596
458
360
295
203
627
208
294
568
262
429
383
706
329
334
457
222
459
381
427
325
360
355
313
414
474
486
811
601
404
468
390
387
528
236
616
364
796
448
420
326
1133
503
644
442
414
598
280
454
444
346
637
299
363
784
413
639
1461
307
505
480
525
216
591
772
481
641
363
270
333
274
488
562
887
292
479
237
485
385
408
370
357
470
842
674
691
405
682
373
317
562
478
346
577
478
439
673
674
331
831
259
693
383
760
339
502
812
319
223
721
601
995
346
407
489
744
259
333
317
527
429
491
287
373
338
323
407
348
350
390
443
419
313
291
408
611
312
208
610
257
571
333
356
329
519
254
454
419
325
525
670
645
287
476
561
487
923
554
533
652
297
990
373
422
370
306
476
293
778
722
411
543
516
741
354
430
661
722
304
493
688
329
369
511
430
339
476
1435
295
628
444
382
622
611
486
894
1051
310
400
826
356
463
403
346
549
224
452
466
241
632
543
367
609
616
534
538
191
355
562
532
456
436
928
507
605
483
529
765
698
364
547
408
366
303
796
549
326
233
680
580
604
419
428
317
486
334
301
199
493
434
283
478
705
499
503
479
377
739
380
249
251
498
399
551
484
711
636
532
785
394
572
535
576
435
175
432
367
452
449
769
446
293
513
694
310
253
331
366
451
260
422
535
403
451
544
476
337
553
239
617
197
344
293
350
353
312
217
291
362
433
517
515
394
472
610
383
341
377
322
444
234
492
348
408
313
776
249
518
160
233
452
375
454
1003
453
578
438
414
457
243
587
516
484
508
280
551
1472
345
1063
402
663
256
322
683
585
688
323
743
490
245
776
417
480
292
398
554
857
508
391
314
391
350
612
309
426
995
539
424
509
581
267
858
720
514
285
516
354
577
755
239
614
387
469
566
295
409
483
263
421
428
658
327
259
302
289
642
355
388
315
504
483
409
476
435
269
627
492
542
704
357
352
1055
292
489
277
561
364
733
771
541
322
816
362
472
542
339
373
665
274
374
536
574
612
522
314
710
606
390
328
281
484
291
404
587
622
828
543
415
689
445
980
703
433
569
679
260
287
436
545
539
314
338
796
439
380
369
406
541
500
617
350
236
264
648
242
456
679
477
892
342
526
270
235
373
722
430
518
609
201
720
481
583
279
685
1152
279
352
281
490
372
364
489
475
362
394
309
380
466
996
270
369
385
940
504
238
232
383
559
376
452
501
373
357
437
644
825
634
422
339
402
879
723
246
451
442
565
270
562
585
583
275
510
769
295
401
579
484
455
303
514
315
298
368
641
401
292
667
463
324
487
416
1441
410
455
461
452
698
283
499
562
794
821
320
438
362
352
308
304
414
468
305
234
249
358
368
397
311
381
227
314
373
393
393
833
419
298
678
263
621
252
420
792
446
532
451
502
448
566
535
775
1124
104
293
437
446
706
737
427
381
515
798
649
467
446
382
694
518
548
458
412
433
288
585
242
374
480
432
741
829
831
491
291
339
230
523
336
348
296
505
341
486
254
466
907
571
768
349
368
269
419
324
614
557
494
226
692
446
594
360
280
830
494
937
361
381
518
452
399
741
486
604
398
376
502
280
404
494
420
320
825
598
362
335
592
745
839
573
440
247
245
528
420
460
253
587
566
1109
401
801
482
271
492
599
177
448
304
426
530
456
391
609
345
1048
539
403
632
377
633
881
564
656
479
1099
357
517
670
295
244
456
436
457
493
302
500
449
496
351
461
514
543
328
502
408
616
680
545
630
603
279
364
581
248
505
525
334
202
229
279
544
446
610
704
373
394
363
296
313
456
143
514
758
336
351
812
700
405
1211
788
482
623
476
365
323
453
785
623
532
282
342
533
450
738
627
389
349
309
172
770
644
465
781
953
851
381
607
252
472
425
323
523
390
604
682
374
406
635
733
378
295
373
882
688
207
591
473
783
731
315
471
304
971
569
644
970
394
461
937
660
457
475
539
426
425
387
470
335
488
369
420
530
716
493
342
469
276
540
629
346
400
433
310
387
517
314
476
409
417
600
394
418
587
339
500
385
622
487
359
387
294
681
897
586
873
641
426
441
273
339
476
824
510
453
398
292
473
844
534
639
581
431
521
363
402
283
372
437
477
235
608
580
805
149
530
412
329
466
459
595
496
531
207
561
797
460
243
315
328
395
463
604
387
468
646
1499
369
560
435
429
358
263
631
883
387
371
658
559
155
289
348
453
418
415
403
1006
665
328
399
503
533
157
180
231
585
528
352
531
528
481
433
401
449
591
419
561
588
559
557
93
514
875
338
495
412
674
540
453
526
419
421
360
1425
350
248
364
453
707
788
900
302
436
235
790
526
663
446
498
492
309
396
480
504
468
474
1079
982
374
420
544
487
1158
581
526
510
361
412
613
580
387
320
824
458
539
430
292
411
426
445
431
727
984
524
628
1097
456
321
785
464
290
222
507
546
266
425
462
613
423
549
438
377
404
348
719
459
502
389
692
323
203
297
1407
446
530
257
641
1063
318
587
769
663
336
588
504
536
687
353
1010
237
443
291
274
668
847
469
499
307
451
271
731
461
797
575
437
992
548
831
553
538
377
438
457
315
436
328
291
525
390
354
531
516
319
540
293
886
602
347
375
297
418
410
807
365
390
435
475
634
467
343
309
343
778
423
477
484
488
312
442
329
265
823
348
444
343
636
723
409
407
417
393
246
691
975
382
684
513
806
484
541
253
469
342
373
416
575
409
684
504
432
267
502
224
474
432
728
292
292
567
497
604
710
664
565
544
672
1371
557
611
570
607
489
446
373
342
424
246
945
767
602
549
861
426
417
420
357
575
544
576
372
570
476
321
305
379
224
362
681
864
438
254
261
374
401
301
590
505
681
343
324
910
436
781
374
290
415
567
331
568
175
509
446
458
438
632
613
808
426
469
716
539
411
771
452
506
361
255
486
390
648
326
329
449
552
412
241
671
399
521
497
543
363
489
457
412
454
425
602
609
417
673
647
781
274
506
555
380
675
497
343
527
309
369
1131
449
463
337
368
301
227
707
385
743
302
423
681
603
577
319
622
747
394
583
216
260
265
537
1027
521
534
491
397
424
497
860
1053
456
482
338
912
483
421
444
370
475
301
336
563
626
334
575
485
958
403
392
703
579
362
354
585
617
755
491
416
573
674
384
306
293
312
514
286
303
286
291
889
398
484
424
508
476
289
392
327
849
412
533
738
885
729
470
989
333
620
893
453
346
406
382
558
143
414
485
397
564
604
606
314
336
136
334
414
363
569
286
403
308
367
756
770
1102
284
1116
290
354
525
613
393
643
557
459
247
439
489
320
701
888
436
527
329
460
358
623
420
881
456
373
440
770
553
464
827
620
614
401
708
437
531
205
509
806
406
290
298
383
748
466
396
394
1067
363
372
543
847
448
657
865
219
1156
309
615
216
251
370
504
640
389
557
549
764
615
569
251
527
569
324
467
846
1219
459
694
913
521
375
275
499
308
367
311
352
435
476
976
232
516
383
764
300
417
592
265
549
248
398
409
311
603
1034
479
764
1229
276
452
252
499
475
394
490
291
434
489
454
645
536
375
453
558
250
422
444
466
853
373
585
411
326
357
379
527
350
354
1162
638
286
538
348
294
648
333
634
599
385
399
512
677
725
547
860
437
403
578
379
349
1062
502
443
398
481
387
308
664
582
705
492
240
576
471
357
383
619
339
418
438
342
364
438
853
770
739
560
1076
529
260
366
783
316
518
353
396
331
673
319
540
350
415
208
515
232
800
505
396
451
460
414
342
323
441
378
102
598
493
537
497
408
758
247
514
278
258
590
235
442
403
408
460
655
854
263
329
428
908
458
280
919
331
458
557
820
461
274
461
1006
323
303
375
387
234
260
695
538
245
825
406
173
396
498
710
256
485
557
425
417
646
548
316
405
625
522
325
139
669
379
427
445
877
258
301
572
386
561
783
486
577
901
493
503
418
1026
396
806
470
518
515
400
598
427
567
489
491
222
852
202
790
277
608
325
598
600
399
374
333
331
226
509
1010
977
709
240
555
541
370
379
265
646
533
296
463
582
460
284
573
463
327
283
392
521
805
472
921
394
566
468
469
310
413
231
243
632
521
296
647
439
715
265
592
918
643
500
312
210
510
405
467
466
595
338
259
349
447
589
368
762
711
364
408
720
630
926
348
644
577
329
450
444
725
341
509
362
457
833
486
676
348
462
759
604
332
295
587
333
585
396
674
446
318
254
379
350
725
354
580
343
404
413
515
421
364
697
726
468
254
327
372
281
254
305
598
654
537
363
382
530
316
340
828
504
491
265
516
411
486
1184
593
435
453
317
732
274
373
456
386
451
339
523
418
775
694
469
600
649
422
267
1250
247
200
330
390
513
436
443
607
501
313
297
465
580
211
495
445
568
300
279
247
394
489
339
283
542
618
367
825
755
339
536
369
475
721
914
281
345
567
554
581
697
405
419
992
784
363
392
382
555
695
341
370
574
828
458
1181
454
505
419
387
322
454
230
761
596
282
593
494
370
420
720
379
320
369
689
469
1119
703
371
747
344
400
363
360
348
445
581
359
525
416
531
356
447
646
868
525
643
927
963
414
303
347
1068
570
386
283
374
597
510
546
480
167
367
589
331
406
466
482
536
382
533
887
459
620
381
507
498
323
415
455
373
866
473
1097
721
247
240
611
413
520
433
296
559
428
458
557
483
504
653
630
331
315
320
298
637
647
407
372
286
564
773
391
317
575
709
168
524
297
554
480
503
449
464
365
403
298
704
847
418
402
317
539
369
707
314
459
625
395
809
585
433
361
721
671
323
540
774
398
751
412
385
422
559
616
1067
584
461
264
707
367
467
332
538
459
458
290
262
317
439
413
251
221
426
354
517
707
673
148
469
201
463
340
384
370
640
258
419
877
634
354
323
568
445
485
299
495
472
1229
499
399
475
1013
446
413
436
552
752
509
581
663
424
424
592
254
575
373
439
704
280
359
871
884
404
344
468
568
680
466
511
738
341
307
564
761
395
309
837
542
486
291
497
346
620
223
578
590
473
169
395
670
719
759
539
432
450
524
419
439
528
446
438
1308
446
641
504
398
404
460
382
382
268
576
449
335
422
545
539
568
444
750
415
475
316
453
658
356
537
441
688
625
733
520
505
527
533
377
441
334
489
545
632
267
341
300
347
395
339
240
395
500
544
533
359
380
817
277
450
576
439
534
474
545
506
725
503
524
383
363
416
489
303
434
718
394
866
433
506
703
713
503
503
650
434
845
395
856
330
333
667
498
294
941
499
390
318
582
435
412
360
817
742
608
463
356
250
505
404
331
437
237
452
490
375
429
433
563
365
752
609
815
614
223
364
403
627
380
226
342
475
334
347
1138
506
594
512
606
882
286
708
654
173
411
728
337
329
349
439
553
452
403
294
776
557
487
361
346
295
257
443
502
170
384
367
304
641
275
465
413
283
828
246
405
704
496
561
235
377
495
333
453
439
579
482
923
535
715
787
298
464
285
637
315
344
1045
660
735
334
553
333
395
438
576
1478
302
493
235
502
842
455
549
433
412
401
300
446
509
273
450
374
732
563
381
814
314
670
343
254
597
345
541
478
365
416
560
221
458
484
388
432
374
1008
304
221
779
371
557
935
452
487
418
352
743
803
445
659
300
494
541
458
489
384
327
377
326
249
450
366
586
402
293
479
333
616
698
663
264
291
618
584
464
359
430
252
454
391
593
540
750
714
747
540
506
540
320
903
498
217
362
709
529
551
256
427
176
618
400
476
571
918
372
301
614
341
657
706
372
596
324
359
303
306
602
452
332
557
406
414
866
687
658
688
866
527
426
589
337
758
713
419
402
648
285
458
702
598
408
462
582
829
411
1043
385
882
502
593
467
799
901
617
249
779
464
206
285
375
209
202
352
704
613
911
669
362
514
449
273
974
399
619
402
653
614
1037
503
673
380
537
543
521
403
430
588
444
170
319
915
419
476
609
705
273
442
398
801
602
558
348
593
593
603
207
343
397
336
612
475
516
629
253
461
1003
954
541
624
695
350
1159
443
732
992
644
438
463
260
450
342
383
365
271
665
401
330
579
578
381
372
419
550
326
577
705
424
813
256
580
723
242
487
369
695
726
449
554
427
490
585
847
514
306
822
219
949
739
598
278
343
351
646
401
1242
366
772
276
840
468
481
480
463
517
520
520
352
308
647
359
466
546
434
402
757
415
545
303
614
632
1166
515
798
623
475
352
390
236
558
392
313
291
481
580
548
629
739
352
342
508
686
303
1360
433
881
337
684
308
664
857
670
209
236
553
507
837
536
358
596
706
1093
627
379
218
507
309
692
418
299
430
956
334
656
386
481
400
262
376
302
492
384
653
1195
433
260
492
637
536
376
469
472
421
311
469
662
357
396
471
277
590
511
825
573
519
439
371
400
416
260
809
379
342
481
271
703
627
492
509
506
168
611
322
481
557
974
820
768
502
345
791
494
622
568
777
359
377
803
531
515
525
742
561
456
477
389
582
436
627
403
413
251
1711
571
570
577
914
720
558
509
747
451
491
408
446
508
420
574
631
486
390
505
628
452
348
531
355
472
374
628
525
216
441
383
411
349
464
376
654
469
278
461
520
574
618
293
946
525
445
662
720
220
349
427
234
458
677
289
494
673
364
804
332
899
582
499
439
421
209
565
632
532
330
398
479
390
680
1567
478
641
566
580
1121
406
598
216
629
467
526
311
581
457
305
397
300
527
637
516
449
268
761
827
494
452
652
414
272
908
430
298
591
379
317
445
277
793
533
399
536
469
732
354
393
421
417
417
578
529
314
470
406
701
235
393
477
551
326
423
447
395
231
1072
422
870
315
228
445
693
822
921
599
387
223
469
542
577
799
395
480
356
399
516
621
497
751
536
793
602
492
397
611
485
457
908
155
455
427
497
568
324
403
601
400
418
455
674
541
350
601
559
302
578
515
315
459
412
400
370
209
408
661
783
415
398
481
409
595
537
360
294
740
467
345
500
447
502
1052
556
214
370
634
550
290
763
302
614
370
510
522
555
431
575
603
400
293
541
579
547
413
458
490
417
359
259
584
350
356
501
311
533
313
263
405
429
470
774
487
247
568
563
629
270
353
480
427
822
344
334
462
326
339
335
618
873
744
397
517
720
448
633
358
795
723
890
1243
333
493
448
641
318
467
473
330
496
683
591
671
524
647
309
521
1696
474
644
622
893
305
1209
301
311
439
468
394
490
488
785
575
330
468
356
506
365
475
518
707
336
348
610
552
355
336
504
493
705
660
461
485
485
569
403
722
682
440
517
419
756
650
406
392
261
503
523
506
443
318
617
335
407
326
561
236
211
264
372
483
594
320
420
525
573
407
539
346
673
309
536
467
316
430
301
393
738
808
719
565
461
267
371
251
450
628
320
1139
716
415
499
385
646
625
516
513
519
386
280
619
415
500
198
778
463
1287
380
430
448
277
295
651
171
913
328
246
224
534
421
437
357
544
402
595
391
672
344
303
947
366
376
362
380
736
419
745
299
388
798
663
476
377
385
818
567
566
480
407
469
421
445
467
897
366
510
472
369
354
360
373
434
538
264
65
929
444
229
669
542
381
634
453
430
102
855
343
405
441
657
417
412
443
476
343
413
363
531
621
672
312
359
955
378
487
354
403
419
376
532
492
195
537
618
685
634
328
567
397
481
371
682
389
326
280
484
393
1293
840
452
600
304
631
398
383
384
771
359
449
316
578
431
222
235
603
490
526
299
981
423
349
572
450
312
405
421
450
311
353
426
410
467
723
537
1382
377
275
584
387
445
525
374
350
747
461
440
333
546
405
494
363
613
480
368
384
448
752
495
423
466
457
455
678
560
854
420
404
666
418
461
408
596
304
355
745
293
471
382
353
469
674
450
591
368
828
81
492
275
176
549
332
373
753
451
545
293
807
365
530
493
516
264
396
552
601
684
648
452
595
301
988
339
1008
925
1071
172
419
457
861
385
387
684
310
485
566
217
306
258
429
379
403
260
548
296
1100
343
434
465
646
638
494
708
356
533
601
334
184
456
424
711
595
425
447
935
518
408
665
645
409
270
606
337
507
560
888
411
386
608
531
419
289
874
340
357
845
724
402
442
613
622
210
431
324
466
413
525
456
358
565
532
257
343
490
687
598
530
366
793
462
737
485
1352
396
365
422
505
427
638
491
44
466
308
523
568
634
541
304
398
403
325
556
685
539
413
1422
464
1223
515
423
621
390
673
527
403
536
324
521
421
341
571
573
361
358
902
901
258
515
346
537
717
529
531
529
390
427
362
360
557
525
182
455
619
494
835
336
616
299
651
573
433
704
238
475
382
255
501
379
386
334
510
356
784
242
704
530
369
516
511
332
378
1141
610
331
321
968
630
525
602
491
507
261
381
253
272
377
366
277
608
361
389
513
646
588
993
328
639
406
227
558
333
880
481
473
452
790
337
419
517
430
482
293
561
916
448
553
262
459
492
257
423
286
471
570
849
378
275
493
278
348
1566
454
286
535
306
229
528
1146
827
533
405
263
369
328
298
822
202
462
367
492
466
721
307
716
355
489
466
627
446
534
414
483
173
368
370
394
757
516
400
350
280
485
203
290
467
271
389
385
421
301
701
1043
438
276
486
554
407
384
351
278
789
474
589
456
292
384
353
427
435
497
511
591
434
468
405
380
314
198
402
409
376
394
704
325
327
486
165
419
725
580
584
478
865
410
381
355
250
918
478
395
767
671
436
601
319
104
356
426
281
412
373
484
368
219
448
354
463
458
328
652
361
352
378
267
332
418
368
685
617
385
219
836
804
413
370
512
421
422
427
667
457
223
520
311
362
577
516
298
399
1360
489
433
361
466
232
389
411
901
338
412
391
435
494
365
393
780
793
680
491
456
521
404
277
485
342
414
292
469
332
265
795
734
554
416
761
386
744
723
327
543
441
335
596
277
674
350
368
720
305
416
644
530
895
476
628
436
409
498
318
560
434
672
409
193
699
377
422
1067
446
255
806
560
498
351
596
434
886
395
359
1196
284
893
416
434
209
347
474
351
351
518
500
609
412
343
321
476
261
338
407
1347
366
278
598
586
168
237
429
611
311
341
300
444
618
651
431
930
727
322
422
522
416
476
435
531
389
278
645
354
334
261
235
230
497
347
467
982
575
347
339
493
881
544
375
392
254
429
441
312
300
207
652
328
594
307
419
288
309
454
387
587
643
390
639
532
614
593
273
841
1105
906
520
636
290
404
343
441
461
468
309
295
1495
538
489
383
409
345
487
509
397
532
545
816
313
477
357
517
345
333
369
513
642
465
584
482
635
503
413
655
458
356
398
652
363
829
290
329
380
249
696
442
441
515
560
252
409
392
613
664
300
468
508
492
721
380
694
653
324
1088
619
419
418
279
447
643
498
545
454
333
551
620
430
1043
559
439
787
382
285
191
355
626
517
614
412
655
384
419
296
358
409
332
336
121
771
385
428
423
269
755
579
485
400
368
782
328
441
446
595
340
665
416
628
431
358
601
230
658
255
402
344
347
455
388
300
409
356
447
283
464
287
646
291
588
327
237
472
287
462
358
585
567
392
591
359
419
405
514
493
603
390
355
483
594
333
594
513
440
640
506
1484
603
708
1261
533
385
297
480
315
447
563
391
322
300
430
532
222
246
424
158
568
530
586
392
319
356
596
612
413
626
474
473
500
226
348
298
382
320
214
398
509
274
306
486
347
536
515
591
509
218
256
311
308
446
595
472
693
589
294
407
384
1032
432
535
448
713
556
301
350
413
550
459
744
359
530
512
1610
406
260
477
450
388
368
563
257
415
372
588
282
580
1150
391
593
523
314
661
358
541
385
378
447
306
450
738
409
370
384
463
221
427
343
683
488
349
558
536
331
551
467
200
815
301
358
412
468
340
485
432
441
328
382
347
407
412
178
312
545
551
332
272
700
594
1146
418
352
187
447
524
426
510
537
275
356
256
567
419
577
341
439
225
753
441
706
599
599
294
371
826
389
300
726
590
701
432
794
542
508
225
466
849
509
569
723
640
558
549
833
336
572
567
697
378
257
534
423
694
1240
359
467
715
501
625
448
356
227
1277
545
395
535
296
454
529
290
414
473
427
718
736
523
203
643
637
485
603
426
503
585
855
407
547
463
307
820
500
274
368
515
439
454
684
406
544
408
435
451
420
269
328
633
394
484
327
488
305
445
349
406
885
326
335
340
364
391
718
426
276
487
762
213
301
504
662
197
503
585
222
657
984
838
666
447
573
809
291
271
241
354
422
439
606
243
430
422
363
622
1386
628
534
672
517
349
330
619
587
817
402
728
342
339
382
444
464
428
203
229
445
900
214
486
427
613
864
333
537
379
297
334
355
326
558
384
676
415
342
771
603
361
352
320
352
352
479
331
318
407
321
278
271
356
509
280
544
216
277
426
455
775
898
502
467
356
514
447
373
448
379
442
176
436
330
282
462
557
846
773
363
565
628
946
225
486
745
477
329
423
350
267
452
308
377
538
414
291
420
432
534
436
863
412
306
511
838
357
401
891
320
476
389
359
325
1001
225
511
652
646
561
581
298
375
563
319
357
387
413
916
570
601
306
690
522
466
553
450
1043
334
434
245
635
355
364
477
402
579
659
329
558
527
665
415
754
479
331
578
605
486
560
909
661
659
511
331
529
427
772
772
389
407
371
251
781
218
495
464
569
508
387
404
193
574
380
365
603
295
340
411
508
425
417
536
968
211
238
575
546
425
319
615
502
360
430
251
349
454
352
622
907
554
276
383
371
307
478
405
446
349
448
332
450
369
350
424
542
411
483
440
359
277
621
294
419
642
641
402
940
705
567
493
346
273
378
464
644
539
626
758
736
561
613
493
188
613
489
473
487
374
356
422
586
340
332
727
445
247
494
512
516
883
321
485
403
778
400
379
728
295
413
398
270
436
334
292
1055
421
444
383
367
365
868
725
426
553
295
582
402
408
502
435
348
412
400
319
394
417
233
277
357
398
534
1067
588
377
336
272
528
343
281
230
355
628
781
560
412
433
955
521
615
327
568
576
198
395
204
964
493
390
395
485
330
1351
427
360
579
601
592
324
404
480
526
321
840
355
526
445
337
173
383
751
210
778
231
524
769
416
846
388
583
433
786
370
324
434
606
555
396
950
347
737
593
703
568
305
514
614
345
433
281
524
621
395
667
396
351
219
733
440
1140
647
489
373
416
348
476
423
404
410
427
372
432
481
348
477
838
369
446
448
456
353
306
732
443
276
343
843
331
160
568
672
303
451
898
510
316
591
586
210
667
584
454
509
488
710
536
324
538
739
944
183
380
417
990
349
549
535
396
512
260
476
378
388
345
396
338
808
1078
506
459
482
304
347
718
711
431
450
659
536
565
1508
528
322
657
327
569
470
333
792
790
245
440
677
442
397
813
678
621
1212
271
333
471
441
501
398
455
463
557
601
413
498
742
288
653
636
625
330
499
731
629
666
612
172
398
732
233
417
484
641
529
435
383
397
655
535
480
570
403
279
324
420
537
217
601
882
585
355
408
438
844
226
189
476
427
682
469
471
850
387
399
675
1078
219
259
556
586
553
332
485
498
677
484
393
397
317
864
322
376
419
830
144
407
649
661
385
472
638
445
315
309
316
615
717
315
489
415
464
428
309
1013
315
333
738
146
264
706
714
774
338
575
623
440
306
443
474
410
339
554
538
423
509
370
426
536
426
514
508
722
428
265
308
227
401
632
331
347
588
526
929
555
411
378
283
312
612
240
231
539
717
402
720
343
417
605
253
450
456
773
455
346
963
544
726
993
137
728
623
354
383
945
336
836
268
465
750
359
401
1004
460
421
504
780
548
414
327
429
275
775
502
1064
215
445
388
307
458
347
802
373
457
588
492
466
435
761
510
982
272
393
357
416
520
294
573
661
583
572
434
293
233
327
650
542
438
202
352
466
358
372
419
428
330
543
263
277
418
498
286
325
605
1139
451
468
324
355
801
457
410
377
626
473
262
839
449
523
625
430
433
480
624
193
552
496
223
338
758
579
344
378
437
280
403
425
332
402
441
419
286
755
254
364
566
325
399
442
549
480
374
899
443
293
1142
465
510
280
510
361
473
392
289
296
565
582
604
665
610
565
814
369
364
355
442
430
437
284
614
656
380
336
1044
510
446
454
382
449
747
481
382
457
571
231
493
215
415
269
517
464
315
191
491
615
823
262
599
361
358
341
921
344
489
484
184
421
329
365
290
407
316
504
949
245
830
546
369
349
286
818
484
509
233
499
529
374
563
279
449
488
353
333
322
340
463
215
359
742
766
534
302
466
649
502
373
234
523
192
1218
723
876
272
537
268
622
174
382
742
396
313
480
845
679
570
457
635
302
575
515
286
383
475
464
329
232
457
363
616
512
545
338
476
427
691
434
579
796
349
324
369
518
305
625
340
346
345
687
324
304
394
365
320
533
231
298
835
629
1227
489
375
405
422
1533
353
382
295
405
265
333
468
249
573
400
464
557
406
525
602
747
304
705
461
380
341
555
309
161
619
524
411
320
645
575
311
871
319
404
415
411
499
463
324
617
392
568
313
366
390
395
804
648
440
458
364
449
434
512
432
577
422
678
756
215
503
589
556
709
559
475
493
980
425
465
641
662
416
512
414
632
458
317
362
392
402
623
337
566
557
346
308
250
357
454
365
348
513
380
425
418
555
599
549
761
831
493
401
331
475
345
365
277
357
399
573
309
508
426
381
196
364
328
445
350
221
323
448
345
441
483
502
388
336
365
290
977
306
483
403
336
447
538
737
407
581
255
519
249
502
398
463
849
349
420
579
433
258
441
612
594
720
453
347
420
380
999
624
451
384
516
260
282
527
377
426
387
425
606
576
422
742
481
454
959
268
535
514
230
364
792
412
369
392
234
525
664
558
606
641
471
324
348
449
248
527
450
290
222
1387
852
308
432
483
334
479
510
327
369
437
348
640
546
390
451
800
185
505
165
396
454
419
476
816
709
447
496
437
549
229
341
593
493
297
518
341
406
504
646
321
556
558
954
715
235
339
328
713
798
344
421
208
625
362
634
545
480
593
886
621
486
305
756
504
306
294
955
451
447
552
544
446
521
572
1044
476
436
525
407
306
354
236
681
626
245
508
699
343
457
518
429
372
404
918
536
462
594
463
405
340
458
988
529
245
300
404
397
490
585
652
310
569
323
321
317
412
283
615
567
144
913
687
214
532
708
1033
1177
522
726
948
546
769
651
518
552
403
343
317
221
388
372
558
467
391
307
587
783
354
383
268
887
501
977
354
503
484
470
350
2043
723
246
286
454
552
408
465
283
470
461
187
423
488
463
455
294
361
315
456
529
355
361
460
475
478
254
670
460
190
620
713
552
248
451
619
292
418
301
219
500
837
735
513
450
454
549
345
345
432
867
402
357
415
736
594
246
363
815
284
641
401
676
452
645
519
367
987
425
531
417
583
566
1395
357
290
213
366
352
689
518
369
589
571
306
932
316
571
458
266
262
508
299
444
347
493
690
316
426
321
508
376
263
303
542
647
694
722
407
598
621
405
604
575
466
757
628
372
637
347
451
185
270
359
607
429
482
678
436
721
574
484
533
755
370
447
293
659
454
511
513
1661
189
928
662
335
390
532
275
784
344
332
338
287
526
386
297
453
423
497
431
186
718
366
147
279
328
184
429
574
281
629
1238
444
955
425
417
278
417
473
674
446
170
435
259
364
1233
630
884
369
659
239
452
283
567
586
402
333
519
558
320
747
370
726
321
745
659
240
971
839
229
343
490
368
896
286
266
185
413
850
485
602
643
432
424
330
624
642
334
633
613
285
260
420
911
453
642
906
294
432
471
338
789
224
412
511
423
585
409
459
395
437
611
1513
345
475
548
755
413
463
378
322
513
410
392
516
314
755
583
332
267
652
477
410
299
318
376
338
157
387
427
367
597
420
571
332
397
231
719
617
448
1196
581
313
433
334
454
597
626
808
562
528
453
393
467
368
247
617
547
242
308
377
724
534
479
544
682
545
603
624
516
326
480
779
426
399
494
348
413
449
524
881
268
706
1073
384
443
784
359
506
450
537
332
591
592
488
450
322
659
454
729
417
561
515
330
419
334
656
807
270
97
419
513
414
412
450
411
317
400
427
588
417
443
382
289
786
514
426
609
246
237
830
350
521
481
942
459
602
253
569
487
1432
352
612
578
473
612
858
474
338
361
610
510
395
1127
989
305
336
697
292
529
499
283
458
318
402
549
376
476
380
543
392
425
757
525
384
433
560
654
559
531
463
385
489
506
345
358
282
348
550
623
441
691
304
425
491
436
468
501
460
844
268
489
1113
320
256
476
266
428
490
461
598
600
291
278
470
310
914
547
357
323
577
618
721
511
379
324
344
174
600
663
446
427
443
197
569
556
250
1444
445
307
722
441
509
519
412
492
647
625
225
431
484
256
432
849
359
283
836
211
473
409
659
451
487
131
446
782
336
639
292
386
266
446
311
534
206
680
653
546
538
432
872
472
384
335
485
496
210
358
195
374
311
386
894
530
259
806
455
653
482
513
481
478
987
550
405
382
239
538
334
518
575
557
518
264
312
632
1067
380
307
537
343
595
358
407
473
283
298
443
514
407
1162
770
493
905
480
332
362
605
288
318
689
613
382
500
837
480
482
417
268
492
538
341
275
507
367
455
290
519
561
865
254
372
612
489
567
692
448
290
468
484
410
439
517
566
390
548
278
367
563
532
927
271
323
375
670
350
331
546
295
244
566
458
1315
266
350
345
489
348
523
325
752
326
713
474
409
1002
616
310
464
738
265
741
369
256
522
172
538
692
414
418
382
398
693
933
632
669
389
350
1041
229
531
459
442
769
303
732
204
708
414
676
464
407
364
994
463
964
352
784
346
417
592
721
464
482
333
161
262
664
650
754
390
468
608
173
341
479
776
303
1007
607
679
353
278
743
594
714
416
487
590
556
491
847
415
528
362
411
861
362
304
442
600
318
564
446
271
411
450
255
533
658
352
619
357
416
365
338
475
657
554
378
487
327
400
481
464
292
396
434
557
501
513
729
367
362
837
327
296
819
525
514
503
234
498
218
319
368
794
496
306
448
264
690
391
612
404
442
484
1113
293
512
293
495
394
488
492
487
541
450
780
339
311
367
673
600
396
334
358
428
1101
442
618
429
701
281
564
389
486
341
610
346
312
629
203
482
325
208
290
291
489
424
269
292
359
304
301
867
520
398
412
511
274
770
569
489
713
391
302
289
665
928
1405
280
674
320
419
763
320
290
257
523
579
429
618
527
1885
271
512
521
407
365
353
526
852
536
631
262
299
415
505
604
457
658
297
544
614
411
729
441
511
367
277
351
380
419
177
322
273
513
265
639
302
1231
447
327
330
512
576
400
448
327
479
421
597
502
604
548
212
388
370
387
436
349
809
419
559
275
175
273
814
377
716
264
198
429
446
606
294
525
356
389
543
556
655
396
624
390
448
372
226
379
796
627
303
508
365
654
544
576
503
392
356
567
655
682
460
524
566
658
231
1052
359
172
340
458
558
298
485
437
411
551
571
962
199
390
576
356
952
510
413
515
540
619
283
598
613
737
363
637
415
409
1231
510
430
443
464
253
365
956
403
469
305
1321
355
697
440
208
767
723
1014
626
370
316
688
653
312
342
257
504
788
226
620
554
293
434
236
372
1747
584
304
447
655
465
266
481
330
374
347
370
844
314
340
566
835
335
474
786
338
408
280
916
336
614
724
306
500
392
298
446
597
658
327
556
240
427
247
407
314
601
527
422
450
486
780
305
981
418
445
441
360
611
423
527
746
352
688
673
520
711
205
450
615
610
371
789
276
638
293
578
293
430
380
537
880
345
458
960
327
296
593
402
443
657
429
722
283
564
808
563
365
344
527
339
347
438
435
597
377
311
269
283
382
570
642
424
685
439
512
257
303
593
436
771
622
445
284
453
367
635
745
718
441
865
331
331
487
618
292
520
728
304
343
378
689
571
434
187
230
556
231
731
319
451
776
377
461
1276
773
592
274
333
657
293
277
526
917
415
273
508
462
327
475
627
1339
661
167
458
470
550
322
392
471
741
330
537
244
385
363
340
340
247
378
286
478
678
290
279
426
421
421
785
293
342
664
445
350
251
889
414
434
668
428
416
428
706
213
714
319
378
372
608
543
406
358
1010
486
258
480
419
549
457
616
203
438
600
395
399
208
510
312
309
256
399
563
351
565
318
484
278
522
387
277
435
481
484
331
412
309
481
435
712
576
333
351
643
326
608
543
406
555
258
466
859
635
509
496
307
541
712
521
440
476
698
582
835
598
183
284
418
754
332
459
617
428
663
383
385
546
1036
512
231
546
323
603
446
260
658
456
524
331
300
363
548
901
534
304
436
338
579
392
453
519
293
262
667
327
431
458
299
261
655
596
428
350
237
410
497
387
630
545
346
538
337
723
360
287
327
443
277
527
408
455
569
662
785
531
681
429
938
493
279
688
736
519
291
287
627
514
472
390
355
428
701
416
574
412
503
364
296
429
453
640
349
535
576
595
799
468
630
670
625
577
361
207
374
881
595
491
1115
847
852
265
329
602
337
460
891
361
479
441
436
221
565
421
547
1155
473
518
334
538
226
445
633
474
798
494
448
280
543
247
370
332
256
282
389
820
380
354
208
400
362
515
589
580
472
482
448
490
493
701
724
591
445
403
428
452
598
377
695
489
493
606
750
811
240
275
619
618
1169
410
547
424
444
335
466
789
347
441
474
435
263
906
402
482
429
562
345
582
536
276
856
646
501
297
907
612
350
543
318
418
501
782
440
455
512
252
673
426
768
387
437
475
1024
207
359
296
237
526
606
533
154
305
460
720
483
656
382
497
662
462
643
610
590
484
266
474
402
552
333
396
575
767
442
369
756
417
704
330
1133
478
416
321
590
820
585
249
293
594
570
582
567
487
522
270
472
224
809
587
249
338
562
695
682
843
557
40
282
635
447
457
307
326
236
370
884
664
488
566
910
664
445
516
525
354
394
484
320
307
627
735
590
446
573
362
288
436
553
295
241
1329
476
543
335
1029
508
351
315
439
972
493
346
480
526
332
621
197
388
282
700
352
451
1125
355
834
573
336
319
485
466
356
506
420
439
634
647
546
202
451
804
764
662
287
543
446
376
545
276
352
435
517
448
312
296
457
470
265
417
681
326
726
353
593
508
496
392
424
492
255
284
724
612
387
558
714
949
636
390
494
311
326
401
252
541
255
361
771
221
519
198
293
356
594
539
478
488
702
546
844
570
274
403
452
464
730
497
461
342
266
529
591
521
376
435
365
553
371
493
231
196
709
164
451
438
731
429
378
421
462
1681
642
856
618
159
642
365
268
515
297
1080
326
521
300
520
364
512
588
193
759
584
379
332
280
337
381
331
594
540
428
1151
432
438
512
551
575
462
497
363
366
292
928
323
820
600
466
547
720
200
448
492
326
439
851
735
580
586
364
559
125
386
1348
302
604
788
314
503
750
304
476
475
370
429
608
359
523
559
415
300
462
314
415
512
518
808
277
700
402
827
562
290
430
416
513
514
444
298
522
531
408
778
360
1567
537
999
474
283
317
380
310
611
627
345
245
430
498
703
517
521
461
524
374
441
439
421
488
390
507
648
820
385
234
416
255
550
660
1679
1304
459
239
644
815
227
470
384
606
499
499
455
573
490
252
485
547
449
1347
1161
520
278
571
486
288
466
402
476
288
610
712
486
662
372
266
398
341
189
364
306
274
557
387
484
603
245
233
481
716
753
259
591
341
509
499
718
679
615
773
534
245
508
245
409
361
273
371
391
443
219
398
394
1939
634
690
602
308
472
451
219
391
580
284
719
290
205
588
644
433
468
448
336
410
472
346
455
785
419
239
581
544
455
337
526
263
528
317
298
300
394
624
379
517
398
609
390
506
281
554
552
386
703
410
365
381
332
267
281
349
293
367
566
262
265
264
589
403
574
302
392
483
486
328
373
304
800
381
764
578
574
478
512
580
312
591
409
312
349
450
514
618
1260
432
399
292
472
214
368
432
295
297
418
407
264
889
281
403
285
498
470
361
621
405
641
342
671
228
483
669
395
405
480
521
355
513
1038
264
534
611
182
256
647
451
640
399
389
651
367
526
436
651
733
321
422
386
1399
248
1188
195
621
421
665
368
227
357
871
409
692
362
395
606
636
218
596
885
339
395
537
507
430
734
270
283
521
510
508
373
219
282
255
216
830
265
236
545
356
429
316
797
529
341
247
534
322
492
328
339
470
529
801
380
402
162
873
561
334
797
570
772
1087
308
365
639
320
541
411
809
485
424
603
286
294
300
662
429
472
498
531
444
660
449
277
410
564
493
501
433
409
660
233
248
621
401
568
1066
347
750
475
522
238
814
425
558
661
347
267
312
651
253
283
405
477
577
583
560
520
291
376
215
537
410
452
297
324
385
241
542
467
419
577
379
262
278
316
401
409
774
500
346
1188
295
498
643
301
369
495
600
382
504
669
515
756
555
214
435
479
367
403
351
718
685
647
422
714
577
295
1245
469
483
260
360
955
408
620
1531
313
392
888
431
499
312
266
387
234
336
410
558
926
694
672
436
556
352
236
310
960
459
507
415
364
406
558
500
1107
593
682
579
916
513
319
444
330
2900
581
309
540
621
346
343
481
757
594
242
408
592
912
380
487
420
710
565
677
667
317
510
708
414
610
734
513
316
466
335
315
500
280
602
335
439
323
340
426
550
440
266
736
423
827
429
551
544
332
490
192
1066
397
944
605
256
380
841
597
345
623
410
359
458
544
548
395
427
452
678
365
396
408
495
389
945
479
375
422
328
366
458
554
881
486
562
382
532
513
523
471
275
374
306
420
298
627
726
740
349
351
351
361
508
464
372
397
688
598
381
327
411
1732
360
623
289
509
641
402
334
