7
11
24
7
83
10
60
17
5
15
61
9
2
14
88
5
6
8
14
4
6
44
4
9
4
19
19
95
33
9
26
41
2
54
21
4
4
14
2
2
7
9
18
125
33
8
8
15
15
20
57
20
35
22
4
6
6
2
6
9
20
3
10
52
6
6
5
8
138
20
4
4
210
177
10
5
19
13
107
17
11
20
2
16
109
101
46
103
101
11
30
15
3
10
5
56
10
21
42
27
12
30
2
232
9
12
10
56
65
15
323
68
17
24
9
6
62
26
7
15
41
17
5
3
13
7
10
43
25
62
37
63
26
12
7
14
45
15
8
89
85
4
6
33
5
8
37
38
19
2
22
10
12
156
31
12
8
1
10
7
10
3
6
6
4
28
2
30
174
5
6
7
11
4
35
21
150
10
174
28
46
4
33
16
72
11
61
7
8
2
20
21
25
107
11
22
33
7
20
10
24
17
145
20
10
12
11
38
9
25
7
39
39
27
125
6
37
58
28
16
8
30
3
24
26
235
8
11
29
22
55
6
18
18
13
14
11
16
20
23
9
60
89
2
3
5
11
7
15
41
9
98
16
6
79
30
23
2
21
115
20
6
8
12
3
3
4
9
40
8
43
9
3
6
5
42
4
13
8
28
33
11
9
46
12
6
5
18
41
8
2
5
39
35
16
16
31
4
43
38
27
10
10
142
18
22
18
11
29
7
5
4
2
17
17
7
13
19
21
49
24
19
8
7
2
32
34
17
32
4
74
5
4
57
25
9
16
7
15
43
85
6
4
5
19
3
19
5
10
18
36
32
4
21
14
18
17
3
49
36
25
48
9
117
11
4
7
6
15
18
12
20
34
12
26
31
56
17
63
6
20
7
8
8
6
9
5
7
10
24
10
50
6
5
9
14
4
12
14
30
26
21
9
10
17
14
4
6
60
6
4
12
12
6
29
6
11
3
3
9
55
78
3
8
6
29
28
97
4
12
12
21
16
6
11
5
5
5
51
24
11
27
4
2
26
4
17
52
43
28
55
9
7
11
4
57
8
65
17
7
18
11
121
6
6
14
12
7
80
25
6
23
3
7
14
8
20
9
71
11
15
149
4
7
7
39
24
10
5
7
49
19
10
15
7
5
22
91
8
68
66
3
14
55
22
13
13
65
12
9
7
14
6
9
48
64
19
18
12
9
36
82
64
36
6
4
19
44
28
60
8
38
32
19
32
21
5
2
6
7
70
10
3
25
11
14
4
3
24
38
97
38
16
3
18
7
20
4
24
127
43
34
63
2
13
53
7
70
27
10
4
16
13
14
4
2
8
7
36
8
21
99
17
19
12
55
17
38
36
59
3
41
20
18
10
12
2
55
14
7
24
47
4
6
42
129
212
8
13
20
13
6
6
8
7
30
19
11
4
111
17
5
4
64
9
14
3
7
34
53
136
127
12
5
12
5
19
39
27
6
59
22
5
5
37
87
7
42
25
8
11
83
4
23
11
14
295
51
8
11
62
61
18
65
18
176
9
3
3
11
3
17
6
43
13
24
15
4
11
8
9
34
56
7
45
38
8
4
4
14
32
3
7
6
26
4
55
4
2
20
116
5
5
77
34
13
7
7
11
52
84
20
59
33
9
5
25
151
28
4
11
5
6
16
15
4
42
5
80
78
10
9
18
15
10
58
6
8
26
22
3
2
4
6
11
119
4
49
31
3
3
12
24
44
11
20
10
12
14
39
3
15
8
12
22
18
12
34
10
6
13
48
4
85
8
20
14
70
5
48
137
9
51
7
8
21
4
64
7
12
2
6
6
5
25
3
290
15
16
4
18
12
8
51
53
9
34
9
3
24
11
39
7
14
12
5
28
69
9
6
16
9
22
7
5
18
16
4
15
6
131
29
34
28
4
42
10
5
4
43
18
14
32
4
11
23
10
5
38
27
20
17
6
7
10
14
42
49
12
30
6
42
12
11
15
7
6
20
8
2
75
3
7
22
43
76
8
12
9
24
3
35
26
18
11
6
27
12
35
50
14
23
28
4
11
19
51
19
15
17
8
5
4
38
7
32
7
7
104
3
28
6
42
9
176
8
121
5
19
28
15
72
21
9
2
10
5
57
39
13
9
173
4
9
9
4
170
74
32
6
17
56
5
8
47
24
10
77
23
128
20
12
15
10
70
6
23
18
95
14
39
9
55
15
9
30
6
5
60
168
13
8
32
29
29
62
26
69
3
14
10
41
192
8
11
15
19
24
4
20
51
41
11
8
4
69
6
7
13
127
11
19
7
55
8
4
50
5
32
11
25
11
27
5
36
50
16
30
5
58
8
7
2
6
21
4
54
27
26
11
7
8
37
5
4
44
6
10
23
5
1
9
33
23
58
25
221
6
4
3
4
177
38
13
93
71
21
75
11
8
22
3
104
4
13
11
5
2
7
38
5
3
39
37
3
7
57
29
32
26
10
43
8
35
57
95
15
24
7
3
38
12
8
3
9
21
8
7
9
6
5
7
9
10
25
18
20
12
122
8
4
44
23
17
6
35
82
172
16
4
8
110
4
4
32
2
29
10
37
10
84
143
6
9
19
6
5
6
6
35
64
8
2
5
11
5
19
53
32
148
150
25
8
21
17
10
5
20
5
3
8
7
25
15
51
9
13
15
4
15
2
14
5
96
6
7
12
5
7
10
3
4
13
82
41
9
94
50
61
48
5
12
5
51
8
84
11
3
3
7
11
38
6
33
12
99
3
67
8
45
2
7
14
4
4
5
9
28
45
4
9
30
13
53
6
23
9
18
11
130
134
8
12
13
4
47
6
36
4
13
7
40
12
20
10
5
83
40
6
87
15
2
11
5
68
30
9
6
33
26
13
32
2
59
12
29
4
73
40
5
4
62
20
2
9
7
8
20
7
7
19
134
3
8
15
10
6
11
23
116
86
20
6
9
15
15
16
34
66
10
8
6
5
4
47
7
6
22
78
13
5
4
5
27
4
72
7
4
40
356
10
53
6
10
9
10
8
3
155
5
39
8
10
48
204
25
23
7
4
10
6
28
49
12
16
31
5
11
8
30
45
28
83
14
21
4
26
11
45
8
4
8
74
22
7
3
20
11
16
52
15
20
19
8
5
5
3
3
207
70
8
6
8
7
2
7
105
3
15
11
9
8
60
10
29
14
68
11
5
10
6
8
5
13
18
11
54
143
51
6
17
17
2
8
22
22
3
35
16
15
10
9
22
19
21
16
34
20
3
36
42
6
5
33
45
9
15
98
4
3
16
8
24
5
46
12
25
33
3
6
2
14
12
8
5
22
15
11
44
74
3
11
1
30
14
21
99
36
13
13
6
131
6
5
5
20
9
48
17
92
7
12
44
11
2
15
6
4
15
27
13
19
2
88
13
30
3
32
72
16
38
38
7
3
19
11
3
76
24
10
4
4
45
18
8
74
8
9
36
7
5
74
9
5
62
76
3
115
7
66
4
5
5
14
10
14
7
24
11
7
14
64
25
71
11
21
51
32
6
8
4
31
30
22
3
4
9
14
10
17
36
28
5
48
17
4
2
13
22
7
5
8
29
111
76
4
17
13
5
4
25
4
60
3
15
7
57
2
5
6
23
5
18
20
3
12
3
6
6
18
48
29
18
10
26
69
9
42
10
22
21
52
12
13
24
11
7
4
42
6
7
7
10
3
27
11
6
48
25
7
6
30
5
4
27
8
5
40
5
73
23
4
13
7
55
9
9
92
27
20
9
5
29
3
6
37
9
31
17
13
77
18
57
12
27
38
6
14
4
17
18
49
38
6
16
27
21
44
16
110
16
45
4
10
12
18
11
16
50
6
22
54
79
9
4
17
26
11
36
8
3
9
1
46
4
5
60
7
7
15
58
10
6
14
1
5
6
14
5
25
11
3
29
9
12
88
14
8
11
2
7
8
4
31
3
62
9
5
9
150
8
17
16
14
41
4
6
10
13
37
5
10
49
9
11
213
3
18
12
21
4
54
23
8
20
6
4
9
4
20
10
161
7
41
2
36
21
6
2
5
25
44
45
38
5
40
14
9
13
12
5
39
13
7
43
15
11
91
6
81
20
61
10
10
99
5
5
79
48
123
17
10
7
18
5
16
5
45
21
22
10
20
12
9
30
12
4
13
7
28
8
12
13
56
5
2
35
5
5
5
5
6
34
5
13
21
2
23
19
34
4
39
15
14
42
37
13
34
4
128
14
7
9
5
5
3
62
113
6
11
10
48
6
6
44
31
4
4
76
4
7
25
7
16
40
188
5
40
8
17
62
67
11
76
136
8
6
84
9
17
7
8
38
3
26
44
5
18
51
5
22
35
12
37
2
7
20
59
9
10
93
9
29
10
23
74
12
4
12
13
6
2
67
24
14
3
65
31
47
9
17
11
21
8
3
5
9
33
7
12
75
14
30
35
26
62
6
3
8
26
11
45
37
54
29
13
74
7
29
11
10
11
1
18
5
22
16
78
4
21
11
26
10
2
8
6
6
5
17
22
7
5
19
12
4
22
3
19
4
7
10
7
6
11
3
9
10
10
10
44
10
22
32
21
17
7
3
17
5
5
14
5
10
61
4
9
5
9
6
11
6
107
10
35
18
26
15
10
40
13
39
15
3
50
267
7
89
6
18
3
4
51
39
46
8
38
36
5
43
18
19
12
9
11
99
36
6
3
6
21
48
16
7
117
24
3
11
28
13
124
45
30
3
14
9
25
67
2
24
8
3
18
6
14
17
5
16
7
39
5
3
13
5
56
7
6
9
12
13
12
8
18
4
50
14
30
22
8
8
92
3
47
12
60
11
55
44
24
6
102
3
12
22
6
10
65
12
16
23
20
20
35
7
71
10
10
5
6
8
5
4
53
47
115
10
18
78
4
89
25
12
27
38
3
3
9
15
16
5
4
79
20
17
4
7
53
27
27
15
2
6
32
3
55
88
24
115
3
19
4
5
4
100
20
18
37
4
66
7
30
6
47
173
14
7
5
3
8
11
25
35
11
19
6
16
9
158
3
6
13
58
50
4
6
4
10
10
7
24
8
4
10
23
35
50
18
4
8
91
54
5
7
53
27
5
11
64
9
9
17
60
7
10
12
22
4
13
45
6
16
8
37
15
10
54
19
9
24
16
221
5
17
13
11
71
5
15
45
77
72
11
14
10
6
6
5
6
29
2
3
2
9
24
6
4
12
6
5
8
10
8
83
20
8
38
10
35
3
9
64
7
21
9
17
15
37
26
62
116
1
8
23
31
49
49
3
10
13
116
15
18
5
7
19
33
17
17
9
21
7
23
1
14
5
2
14
104
24
25
6
6
3
8
5
11
12
29
9
12
4
19
98
56
79
21
9
4
21
10
28
11
10
6
34
22
29
8
2
96
9
111
8
10
26
22
7
13
29
12
22
5
11
8
14
22
18
8
79
29
9
8
23
56
75
16
8
5
3
28
4
8
2
36
28
135
6
70
15
2
10
29
1
13
7
25
13
16
9
43
3
112
61
3
41
4
26
37
22
25
8
140
7
38
39
6
4
15
18
24
7
3
12
8
15
3
11
27
50
12
17
15
11
56
9
36
63
5
14
36
5
28
28
7
6
3
4
32
10
42
71
5
7
13
18
11
12
4
19
47
5
6
66
47
7
93
75
9
47
9
5
4
12
72
14
30
11
8
30
22
62
18
3
6
7
5
94
56
9
47
120
110
23
42
3
4
14
4
23
5
36
33
9
16
25
47
8
3
9
81
51
6
37
10
82
18
8
16
5
125
40
8
120
7
26
128
27
13
25
17
28
7
7
20
14
23
9
19
27
15
16
22
16
4
12
35
6
13
5
7
6
17
6
21
5
6
9
6
3
28
6
10
7
43
32
24
3
3
62
93
44
81
7
9
14
4
21
10
15
16
30
9
6
6
74
13
67
38
9
18
4
3
5
6
23
13
5
21
8
99
1
11
10
8
17
21
17
33
15
3
24
62
9
6
8
5
24
22
35
35
9
66
242
4
19
4
5
13
4
51
92
5
7
57
23
3
5
5
22
13
7
24
149
42
7
7
25
11
1
4
3
40
22
4
43
32
12
4
5
10
11
5
36
57
20
37
1
10
96
3
34
9
47
11
12
7
5
17
5
161
3
6
14
31
75
50
90
7
12
3
72
36
52
29
7
15
6
11
13
46
37
6
108
126
15
6
36
13
106
17
15
16
5
7
8
37
2
20
34
19
8
8
8
4
11
15
14
72
97
10
82
118
30
4
51
11
15
2
8
13
3
8
31
40
7
12
12
5
5
5
66
12
10
7
80
2
3
6
214
12
31
6
46
133
5
25
66
41
4
49
10
11
48
2
110
2
16
6
3
38
104
8
6
2
7
4
81
13
90
19
9
133
42
53
17
37
4
23
6
8
16
16
3
9
9
5
23
15
4
14
4
109
49
4
25
8
20
5
61
17
8
12
28
58
17
20
5
3
39
11
9
32
41
3
12
7
5
81
21
6
6
48
27
17
5
4
5
8
36
104
11
26
21
68
12
33
5
25
6
15
16
20
12
19
12
5
4
7
4
12
17
62
4
2
14
18
34
47
41
30
9
66
182
20
56
8
22
41
24
10
4
17
3
98
73
38
23
85
12
3
10
5
31
45
22
3
49
11
5
19
9
2
11
58
109
34
5
3
5
4
5
29
24
77
5
6
71
24
72
4
7
7
24
5
31
2
39
12
25
18
45
18
77
18
13
49
23
5
76
21
26
13
9
8
13
28
6
4
28
31
10
5
42
4
23
26
27
6
46
28
20
22
6
18
55
7
73
51
78
18
27
26
6
66
10
8
14
4
5
202
5
12
5
8
14
4
67
32
33
3
21
15
46
17
8
20
53
13
15
4
3
6
7
134
22
14
20
5
15
10
87
71
20
24
13
90
12
8
12
20
12
8
4
10
17
5
19
7
117
6
5
68
14
11
12
48
65
70
15
5
33
56
10
2
9
5
14
4
5
3
3
123
9
8
12
13
9
3
9
5
67
5
13
74
78
63
11
103
18
61
130
7
9
16
11
25
1
16
13
11
29
36
45
13
20
2
4
11
10
51
2
5
5
10
68
83
163
7
128
3
11
19
50
6
17
32
16
3
13
8
3
60
82
23
13
8
18
15
34
14
123
12
10
8
64
36
31
38
68
31
13
40
11
10
3
9
98
22
4
11
5
84
21
11
10
139
25
5
15
66
20
57
40
5
167
3
20
5
6
7
12
15
6
30
6
62
68
35
2
10
26
14
15
72
135
10
43
107
13
8
9
8
4
8
7
5
6
14
131
5
31
16
70
3
12
20
8
24
3
23
6
3
15
121
17
73
148
6
6
4
42
10
11
25
15
10
11
23
58
20
34
20
12
3
8
9
25
100
17
41
5
7
17
9
46
9
8
153
28
14
9
10
3
20
5
41
38
15
24
51
35
47
15
123
11
34
13
22
6
159
19
37
28
22
13
3
59
19
18
20
3
9
6
7
9
46
4
10
7
23
14
22
99
73
52
27
106
28
2
17
38
4
16
5
5
8
34
4
21
8
13
3
38
4
94
38
7
21
25
12
3
3
10
18
1
32
37
12
4
6
35
7
14
6
3
63
4
19
6
35
6
36
79
6
8
33
94
21
6
123
4
15
22
69
7
2
21
101
11
10
4
12
8
3
63
29
4
66
10
5
12
5
21
9
21
15
12
6
55
21
6
2
35
4
7
2
24
4
10
20
65
6
2
30
16
5
30
9
30
96
22
23
5
100
5
24
20
20
11
29
66
4
11
14
18
4
76
17
73
6
17
3
59
44
25
5
12
11
3
29
129
105
50
11
29
14
4
20
2
41
8
16
11
17
8
11
17
8
3
4
5
55
99
22
68
9
11
11
7
8
11
6
4
11
25
4
43
5
54
9
19
108
80
11
7
1
7
27
19
12
30
5
4
3
17
29
7
41
30
28
2
84
8
102
4
20
39
8
7
17
34
11
10
4
18
101
26
40
7
8
40
7
6
4
26
13
9
12
58
35
8
11
32
6
61
19
14
3
11
8
26
3
6
49
54
8
15
4
3
3
8
4
43
58
46
2
9
22
9
17
75
10
11
4
15
7
11
169
24
13
23
2
55
10
17
20
5
12
5
13
10
78
72
4
22
47
7
4
126
3
3
2
2
16
33
10
23
38
8
4
30
32
4
16
13
9
10
5
7
4
26
8
12
16
18
9
88
41
12
30
4
15
77
86
3
4
20
44
11
63
6
4
113
47
8
13
5
33
85
9
3
28
91
14
121
27
48
27
6
4
9
7
32
18
8
54
42
5
8
85
11
4
21
56
4
95
74
5
26
8
7
4
7
6
44
9
11
25
8
7
4
9
61
93
14
53
100
130
8
14
4
168
27
11
8
5
16
37
13
21
2
13
46
3
6
7
18
22
6
20
98
25
39
9
27
15
6
27
7
23
75
11
104
14
11
4
17
9
14
22
3
24
9
9
16
13
25
23
45
11
15
4
4
46
16
8
6
9
15
72
8
3
22
68
3
33
8
13
9
21
11
20
12
7
3
54
67
15
3
4
26
14
72
3
36
48
10
90
34
19
7
70
32
3
5
92
26
56
9
16
9
39
25
137
29
7
8
85
8
19
15
15
35
18
9
7
4
28
3
6
3
5
13
33
29
68
2
7
11
4
5
17
4
37
2
10
82
59
6
6
32
7
11
3
21
35
169
10
6
21
87
9
12
11
14
85
17
26
88
9
6
22
15
42
3
41
30
3
2
75
94
6
4
21
12
24
10
20
77
9
4
16
84
5
15
75
44
4
3
33
6
23
3
60
39
21
3
22
38
47
71
14
8
20
5
32
16
14
16
11
199
20
40
20
10
17
22
13
6
3
24
15
8
10
20
9
24
9
61
6
18
6
24
8
13
49
11
14
40
74
25
11
14
35
3
15
8
5
13
39
2
10
3
5
7
9
3
27
9
23
22
18
7
78
10
11
44
8
14
10
11
33
46
21
51
5
7
10
13
3
23
75
24
62
8
16
39
22
33
19
58
9
111
12
53
11
6
33
8
9
81
37
6
4
9
22
13
14
41
49
17
15
3
4
6
10
4
8
17
53
7
13
9
10
30
5
72
20
117
31
3
7
8
14
4
6
3
32
7
9
111
10
49
11
30
70
7
36
55
2
5
62
5
13
10
9
20
13
26
12
64
20
14
6
10
7
2
9
24
3
13
14
6
20
5
10
6
3
104
6
8
67
8
9
3
8
16
16
33
8
17
25
103
63
13
42
3
12
5
47
6
4
137
52
54
13
16
6
4
12
11
181
9
12
5
39
27
6
38
12
5
13
6
13
20
8
7
6
87
26
10
87
8
19
5
4
14
5
7
12
5
9
67
3
14
14
8
7
8
107
10
5
44
9
38
120
26
8
8
25
55
36
15
69
7
9
13
32
42
23
5
6
4
3
18
4
24
6
11
6
7
24
44
52
7
5
22
35
8
15
25
3
17
7
42
26
17
62
57
39
32
19
15
91
13
5
13
45
13
15
4
7
3
29
6
17
27
99
7
5
27
4
60
17
7
32
5
6
3
15
11
9
7
45
19
8
104
69
71
62
93
31
44
28
4
79
52
6
20
32
3
31
49
24
6
8
31
52
26
134
11
64
8
24
4
53
59
47
2
42
6
5
5
12
4
4
13
66
39
128
31
6
31
14
8
143
7
41
8
13
27
107
32
15
9
5
9
26
7
12
28
10
2
9
51
6
9
58
13
5
15
3
75
62
45
12
18
28
16
3
13
12
11
27
9
11
20
6
9
121
113
25
37
47
5
145
12
24
98
44
13
15
6
8
13
20
10
5
78
20
10
20
19
9
7
10
11
11
56
37
5
61
13
21
60
5
27
6
80
61
17
16
12
14
30
75
28
8
99
9
51
21
40
5
7
21
34
11
161
13
83
7
31
7
10
25
17
27
30
10
8
4
19
8
3
29
18
15
75
7
12
5
38
11
170
29
90
28
21
8
9
3
37
4
4
3
14
32
14
16
57
8
6
13
77
5
183
10
104
12
19
3
47
96
13
3
3
24
28
51
23
6
21
51
132
28
6
2
31
5
53
35
5
30
84
12
44
21
12
25
3
3
4
10
11
50
158
6
7
23
27
12
6
8
16
8
10
10
37
8
8
12
11
16
7
99
17
14
28
12
6
5
3
62
7
10
13
3
61
48
5
12
14
2
69
5
17
59
145
84
25
10
8
108
15
13
16
82
8
3
103
19
7
34
40
60
4
43
8
25
15
17
6
8
5
259
46
49
31
53
51
24
22
57
9
45
28
8
68
5
60
16
10
9
11
81
21
10
30
9
21
7
16
13
4
8
6
5
14
13
7
60
31
19
9
9
34
28
3
58
61
9
16
72
3
7
13
5
6
18
3
12
55
9
70
6
102
44
36
10
15
9
18
10
32
4
16
22
14
39
243
34
49
65
29
159
6
21
1
45
5
31
12
11
3
3
10
8
25
42
38
9
4
24
71
21
13
48
32
13
111
14
15
36
18
7
6
7
52
46
8
52
12
55
10
17
10
41
6
41
6
14
12
9
60
3
17
11
9
3
7
7
11
4
135
12
89
18
5
8
36
113
103
10
11
3
9
36
27
49
17
13
14
7
28
35
16
62
37
64
27
23
18
34
17
17
106
1
8
9
9
27
7
3
32
9
16
8
12
7
9
17
27
5
46
19
4
12
6
6
12
3
8
46
36
8
12
44
9
26
40
6
2
66
11
6
19
15
23
134
16
2
11
39
32
6
48
9
22
10
20
10
25
9
35
24
7
3
18
41
14
8
11
47
14
8
9
43
7
18
15
14
12
11
2
15
4
11
56
10
16
48
45
12
4
9
20
7
64
4
14
7
8
6
4
56
95
91
25
18
41
17
17
2
103
65
93
151
5
9
22
61
2
12
14
14
7
54
22
57
9
20
5
14
258
7
28
22
95
11
163
4
5
6
31
19
16
51
75
34
6
35
5
21
7
12
12
49
6
7
33
55
4
5
4
4
66
32
15
29
27
41
20
40
70
17
20
24
78
49
22
9
4
39
45
24
4
2
15
26
12
7
21
5
3
4
8
12
31
6
12
22
6
3
45
5
47
10
22
23
13
7
3
13
47
33
54
15
16
5
2
3
17
50
7
130
57
7
7
3
45
29
15
14
72
9
2
72
21
11
3
43
5
207
6
30
6
5
5
68
3
76
6
3
2
6
15
7
6
35
16
37
10
29
4
2
136
9
12
15
6
63
6
35
3
19
81
60
17
15
19
73
24
35
41
18
9
9
10
22
80
13
43
12
3
7
5
7
15
31
4
1
83
7
2
21
23
22
31
24
9
2
87
17
10
36
21
3
25
11
29
5
9
9
30
67
54
8
2
105
2
12
7
21
24
25
39
15
2
50
36
73
54
11
21
15
20
10
6
23
15
2
12
10
156
112
5
35
11
55
5
21
11
80
16
9
7
24
7
5
12
21
23
11
8
88
7
5
10
7
5
13
15
3
4
4
34
12
30
29
8
206
10
9
22
19
7
50
16
6
59
20
15
7
13
14
36
12
15
6
15
11
16
74
16
12
18
20
14
86
15
86
4
8
97
17
9
6
56
5
6
38
7
14
9
4
15
41
35
23
14
75
1
5
3
2
47
4
7
45
11
35
14
34
6
27
19
14
4
10
12
26
65
26
16
53
10
81
13
128
89
144
2
19
7
74
10
6
76
2
14
13
4
6
4
17
4
13
2
13
5
136
3
7
11
36
27
9
36
4
32
41
4
3
43
18
60
15
21
9
108
13
6
60
17
17
4
13
13
18
6
101
16
4
20
23
9
4
61
3
12
94
13
23
23
20
24
2
15
9
12
9
9
6
23
49
12
9
5
19
36
18
23
5
37
11
40
43
266
10
6
20
14
8
39
46
3
9
4
21
21
53
41
11
6
17
4
16
13
23
8
241
13
188
45
4
43
9
41
30
14
26
12
37
14
6
23
36
9
8
80
131
8
12
8
25
68
33
30
55
7
51
28
10
16
28
9
23
28
17
80
9
33
9
113
39
10
56
3
25
3
5
18
9
13
3
23
3
60
2
43
8
6
33
36
9
4
131
27
22
10
89
22
35
13
11
9
2
9
7
17
10
4
2
10
12
6
10
64
21
94
10
16
9
7
17
6
60
10
8
22
11
6
5
4
4
13
3
25
74
11
14
3
5
8
3
17
6
10
16
116
4
4
19
3
4
259
9
6
25
3
3
37
177
118
16
24
12
3
5
2
103
3
10
5
29
10
85
10
52
8
11
11
30
6
9
5
8
2
5
3
6
78
13
3
6
8
23
5
6
16
13
3
7
13
6
78
108
10
4
53
65
21
13
8
10
30
21
47
15
1
15
2
7
15
14
10
18
16
8
8
13
3
8
27
8
10
9
38
6
3
11
2
33
94
27
39
11
191
11
12
13
7
99
14
8
56
33
16
37
8
2
4
6
18
6
6
12
6
8
37
9
6
13
7
14
3
7
21
5
18
13
8
78
22
15
4
97
111
10
3
13
5
26
13
55
6
5
15
4
3
16
20
7
8
224
8
10
10
21
2
4
14
66
16
3
13
7
17
8
10
99
78
40
36
7
11
6
2
18
5
7
5
8
6
6
55
38
39
6
63
16
53
71
11
13
25
11
28
3
22
14
6
35
5
15
58
18
26
5
11
20
24
14
3
4
6
38
13
2
25
12
18
140
8
9
56
23
24
5
28
18
69
17
6
140
8
77
23
14
2
5
8
5
8
6
30
21
9
5
7
17
4
12
6
205
7
9
66
50
3
2
20
17
10
7
5
39
40
75
12
101
89
9
22
24
4
10
13
21
10
2
7
21
6
4
3
5
29
4
19
93
11
11
4
43
99
31
9
5
6
13
22
5
6
4
39
6
17
2
9
4
2
8
6
57
31
3
9
15
52
26
5
29
92
76
40
71
5
7
8
4
22
38
6
22
277
35
29
6
4
12
16
28
34
33
19
96
7
12
6
26
4
11
8
7
27
12
7
9
49
10
19
36
22
5
20
44
7
68
8
5
13
3
58
12
36
19
26
2
6
7
25
36
10
32
30
16
28
9
16
68
5
167
26
11
16
5
15
16
21
25
18
4
48
29
26
152
49
19
68
7
2
4
19
44
27
23
6
40
15
4
5
11
21
14
6
3
83
10
13
19
5
10
41
11
14
6
67
14
9
15
45
4
79
29
53
6
7
36
4
42
4
8
5
9
19
23
10
11
8
15
3
6
4
55
5
37
2
3
26
13
16
10
11
15
4
18
11
3
4
11
10
40
4
7
8
16
10
24
34
13
14
16
225
21
17
225
12
10
5
14
3
13
45
16
4
3
7
40
4
2
15
2
14
30
9
10
3
4
14
30
7
52
8
16
21
15
19
4
7
9
2
5
41
9
4
8
8
14
29
8
8
4
2
8
3
26
32
25
52
24
9
7
10
102
6
47
12
44
27
4
5
6
35
7
52
8
14
5
261
5
6
20
6
8
8
33
4
13
3
12
6
14
153
10
32
13
7
34
10
55
7
9
18
6
11
17
11
18
12
27
3
12
14
24
18
3
24
14
9
8
44
4
46
4
6
3
19
8
12
7
11
30
38
5
13
13
3
11
24
50
19
10
72
40
156
8
7
4
16
17
22
22
14
2
3
3
15
9
13
7
8
2
41
19
62
46
17
3
13
44
13
6
68
54
53
23
45
61
23
1
15
41
15
34
79
28
16
24
61
10
19
13
24
17
6
6
11
48
205
10
10
68
21
27
18
5
2
176
27
8
35
5
13
15
3
13
24
13
17
54
11
3
47
59
27
19
13
9
43
39
4
14
13
7
119
10
6
9
16
8
17
46
21
28
22
6
22
6
2
12
30
20
10
22
8
8
4
6
13
79
13
7
5
31
26
38
7
5
27
55
4
16
9
60
4
6
53
6
42
127
100
53
22
31
50
8
4
10
6
9
8
33
4
12
32
7
46
220
99
13
25
7
9
8
49
20
35
29
69
4
5
8
16
6
5
3
12
10
112
4
12
15
15
135
26
17
23
4
7
7
4
65
6
50
10
3
66
32
8
5
9
14
13
7
11
8
7
13
2
5
11
9
12
35
6
8
13
7
54
82
19
26
19
60
9
11
17
13
21
2
15
4
4
14
35
43
74
8
9
9
145
2
15
85
10
6
9
8
6
11
6
6
27
5
7
5
9
9
10
81
8
3
10
38
21
12
114
5
20
10
5
7
114
2
18
22
63
27
38
9
25
37
3
8
17
16
97
26
23
6
65
45
39
16
8
89
6
13
3
22
10
3
15
12
9
32
7
36
8
31
12
73
28
5
77
49
5
16
56
65
24
12
3
23
4
99
44
5
15
6
5
60
6
6
9
9
13
4
20
8
57
6
5
39
2
10
6
25
4
15
17
135
8
3
16
18
19
5
39
13
3
25
7
5
17
16
35
91
50
13
13
8
3
7
9
10
6
11
7
7
9
10
9
10
5
12
6
9
5
31
5
6
35
48
19
107
76
21
5
5
10
6
17
28
6
38
49
84
17
25
20
2
41
18
18
12
7
3
6
11
12
15
55
19
6
5
42
30
45
12
15
6
20
8
7
44
7
16
9
8
4
15
7
102
17
14
5
6
5
63
10
7
24
15
29
8
8
5
11
6
10
6
7
5
24
3
3
4
12
47
127
47
21
3
2
13
5
4
4
12
14
22
25
19
8
43
17
32
14
17
6
6
17
3
78
15
4
15
23
6
172
10
10
18
11
9
7
12
16
26
9
88
4
14
13
5
3
11
101
3
50
3
12
91
13
72
3
51
10
65
4
5
6
79
20
19
157
7
102
19
30
26
4
29
28
10
23
4
5
33
9
50
15
5
4
24
9
160
24
10
11
9
7
23
10
23
15
15
9
12
58
6
18
116
5
6
6
5
5
3
27
9
2
9
90
12
2
31
68
11
21
96
20
13
16
9
4
59
30
11
37
17
30
21
5
19
40
119
3
14
7
126
4
29
6
9
8
5
13
10
4
4
7
6
77
138
15
9
19
3
11
66
39
21
6
56
39
27
197
8
3
74
5
66
20
4
79
83
2
12
47
7
6
113
40
41
158
6
5
18
7
24
12
7
5
25
41
12
8
88
2
42
10
16
3
20
48
29
20
40
2
12
15
4
5
7
28
28
11
4
11
46
49
15
10
36
4
7
17
10
4
44
50
28
3
22
16
73
4
2
30
8
47
4
35
95
17
9
50
128
3
8
6
18
24
4
7
21
62
17
7
15
5
114
8
9
9
142
3
10
48
44
21
30
20
13
8
4
2
36
18
6
8
9
13
8
4
124
7
9
48
1
3
54
62
50
10
16
15
7
5
6
17
11
6
13
14
6
17
9
8
41
13
9
26
16
3
4
10
6
11
50
24
7
44
23
114
39
18
14
7
3
36
3
2
18
65
5
67
6
17
23
5
8
17
54
8
6
134
25
55
122
2
50
32
4
14
93
3
58
3
16
7
8
18
94
6
17
46
63
47
6
3
23
13
85
3
143
4
22
14
7
22
5
104
16
10
41
7
4
8
26
49
117
6
9
4
12
20
7
20
72
62
32
6
11
1
5
38
10
9
4
17
19
19
2
11
13
6
39
4
8
4
23
13
4
54
122
30
10
14
7
51
8
16
17
55
4
5
86
33
6
33
16
7
14
71
3
16
22
2
7
26
16
4
17
4
2
5
18
6
36
28
5
10
48
3
12
22
6
3
18
31
14
7
120
13
6
156
14
15
8
6
6
3
7
6
5
39
59
20
48
61
9
80
5
12
13
13
12
19
9
29
62
13
4
122
9
26
26
13
14
46
6
13
48
19
6
20
3
12
6
10
31
4
2
6
8
92
3
40
8
8
8
97
6
55
23
2
22
5
8
2
13
4
34
99
4
66
17
6
6
10
88
29
19
2
21
19
19
10
4
18
39
6
4
4
6
5
4
3
58
53
8
7
14
12
13
6
2
10
2
154
70
115
3
14
2
38
3
7
74
14
14
6
103
53
31
10
23
11
21
15
3
15
6
24
29
3
12
17
54
22
6
26
12
21
32
8
59
86
11
16
6
25
5
52
12
17
10
15
9
8
7
14
9
30
4
4
100
35
182
5
8
15
6
268
4
17
5
23
7
5
11
5
11
7
21
23
7
5
22
61
3
67
9
24
3
24
4
3
55
9
9
10
17
21
3
107
5
2
11
24
17
12
5
28
10
18
3
11
10
11
62
60
9
24
10
14
19
36
31
16
23
48
87
3
25
24
20
96
9
10
11
128
11
22
46
94
28
37
12
73
14
4
5
14
7
18
7
28
17
10
5
7
7
14
11
3
8
4
7
31
41
36
32
87
69
75
5
2
15
4
15
4
6
4
9
10
13
21
11
2
37
11
11
5
2
10
16
16
11
12
9
21
12
4
3
116
5
25
4
22
14
15
87
9
41
4
9
3
18
20
32
96
7
12
16
44
5
9
38
18
50
13
7
13
9
116
65
4
7
26
3
4
14
19
9
14
23
63
9
26
47
13
13
137
6
44
14
5
5
80
6
10
6
3
12
52
11
30
17
10
6
3
5
7
22
7
6
2
190
143
2
5
30
13
14
8
5
3
7
8
51
46
8
29
74
4
56
3
4
11
6
16
88
66
8
4
23
12
4
19
57
25
9
30
8
9
47
8
3
7
41
144
70
7
5
20
28
80
4
14
6
27
5
34
12
16
39
135
27
23
5
35
7
7
6
96
11
4
25
25
15
14
27
118
17
7
19
13
8
3
4
46
61
5
12
89
7
12
21
9
4
26
88
18
8
25
10
8
5
16
105
23
6
7
13
29
23
19
20
11
43
4
5
5
8
4
45
10
4
85
65
1
43
67
124
134
12
94
136
42
69
48
9
50
28
7
5
2
16
8
34
8
23
4
51
74
3
24
4
80
20
101
4
15
6
6
3
437
45
3
5
30
43
3
21
6
11
21
2
23
23
22
17
4
9
7
6
32
14
5
13
20
20
4
49
8
5
28
26
39
2
17
45
5
9
2
2
18
103
89
13
11
5
11
6
4
11
56
15
3
21
90
14
2
16
60
2
49
7
31
6
15
8
10
101
17
16
22
26
27
172
4
8
5
5
4
77
34
5
8
36
9
101
3
13
24
8
4
15
33
11
17
25
52
2
24
4
19
4
2
4
41
55
58
69
11
32
9
12
27
24
12
77
41
9
36
19
3
4
4
12
12
9
21
19
3
25
37
23
8
50
8
16
6
18
11
20
15
246
5
73
73
4
10
9
5
105
5
7
8
23
36
14
5
8
14
19
12
5
38
10
2
3
3
2
7
30
8
47
155
13
138
12
30
3
9
12
19
14
2
9
3
5
161
74
93
7
55
7
28
6
37
20
21
6
8
32
9
62
12
61
6
65
57
8
85
76
3
6
10
8
74
4
3
3
8
68
12
42
28
5
7
3
47
37
5
20
16
8
5
23
108
9
58
106
5
18
8
5
65
4
23
14
11
30
16
17
7
7
17
258
5
13
35
34
9
14
4
5
28
14
12
10
6
21
7
6
4
21
29
11
4
6
3
4
3
35
12
7
36
17
39
2
7
5
26
17
7
161
53
4
10
17
10
23
48
81
12
20
18
33
8
3
2
65
35
6
3
18
19
11
8
27
62
21
52
23
23
18
18
35
40
18
15
15
9
15
11
65
5
49
126
19
6
91
22
23
8
34
9
35
19
17
24
2
17
40
82
5
28
10
3
12
8
21
41
5
2
5
11
6
4
14
12
16
10
27
45
5
4
5
5
83
59
17
20
4
10
70
7
8
28
134
26
20
3
10
15
297
11
52
8
9
40
72
20
5
7
23
30
14
131
104
6
10
68
6
35
21
5
19
5
7
9
7
13
17
10
8
27
83
67
6
16
20
34
7
13
17
8
28
27
19
5
3
12
19
40
3
21
8
8
14
17
8
60
6
103
3
24
118
7
3
47
8
16
12
21
6
24
3
3
11
6
143
17
11
4
31
40
68
16
26
4
4
9
39
33
20
9
7
3
37
27
6
167
25
2
87
13
15
6
11
9
27
45
3
24
12
5
15
53
6
3
75
4
17
11
53
18
10
4
12
73
5
23
5
17
3
42
6
58
3
59
43
23
19
10
68
18
19
4
11
14
2
7
3
8
4
6
90
22
4
58
24
31
10
25
16
6
104
37
7
4
2
35
11
17
45
8
19
6
12
48
153
6
9
30
3
28
7
6
6
4
10
14
12
15
105
99
14
126
4
4
10
36
5
5
35
36
9
14
109
24
15
14
1
18
15
8
2
15
5
23
2
12
40
65
13
7
19
20
37
61
26
10
12
5
16
13
19
33
23
8
5
21
17
7
64
4
8
14
18
16
7
27
3
2
22
16
219
9
6
3
15
5
29
5
54
5
54
20
21
122
47
5
19
75
4
74
4
8
16
3
44
38
23
30
16
22
15
95
14
11
31
8
117
4
23
8
19
75
6
26
2
50
6
17
11
7
16
144
13
90
4
89
9
6
51
65
31
40
7
1
7
59
29
86
5
11
8
3
7
15
74
15
112
12
10
10
3
74
22
31
7
16
21
49
34
72
4
47
4
16
94
5
6
12
15
5
28
7
5
14
8
4
13
79
5
27
12
5
8
9
33
29
25
8
15
8
6
31
18
5
5
15
48
24
17
73
7
4
101
18
4
52
41
5
12
4
48
3
9
6
90
11
4
9
11
52
5
35
5
18
51
141
11
10
7
18
12
16
6
31
34
7
68
4
2
7
42
33
16
5
5
13
114
10
34
9
74
3
25
14
36
7
19
2
15
28
3
53
11
3
5
4
14
5
8
4
8
5
6
110
16
11
31
12
4
56
36
14
52
29
13
9
40
108
260
3
13
14
8
73
7
4
2
11
24
9
25
14
322
4
41
54
8
12
7
7
98
32
47
3
13
5
30
65
13
77
5
33
10
12
95
3
11
6
9
9
3
5
2
4
4
7
2
60
8
153
5
8
8
55
23
12
9
4
22
14
19
6
38
23
4
5
11
9
8
16
68
10
14
5
9
2
84
13
52
3
2
12
17
56
6
46
10
5
39
66
30
19
23
16
12
12
6
6
26
36
5
11
5
19
14
25
11
6
11
25
34
35
4
47
12
12
2
163
10
6
11
15
9
10
12
39
5
34
35
141
3
6
21
4
63
16
10
29
21
32
7
12
58
98
8
63
4
5
204
10
14
25
11
3
23
110
7
35
3
194
13
16
14
1
79
93
137
35
5
9
42
45
4
9
2
29
77
3
24
8
4
7
2
10
295
48
3
9
88
31
2
28
11
5
8
5
73
2
12
35
61
16
22
67
4
8
3
99
1
40
24
8
11
10
2
15
37
32
4
19
7
16
3
26
5
15
8
11
10
15
62
7
107
28
10
4
19
43
12
10
64
7
60
67
12
26
2
7
32
73
3
79
6
25
11
9
3
9
7
31
89
3
13
139
26
3
35
6
19
34
3
69
4
9
69
26
8
9
54
9
9
7
7
11
8
7
6
10
4
78
22
14
33
15
5
9
4
22
6
85
33
28
4
12
12
13
71
76
28
70
2
7
28
36
8
11
52
15
3
23
38
14
14
6
4
8
2
41
21
6
78
11
9
177
75
35
6
11
22
7
3
29
131
13
8
16
9
3
4
18
158
65
2
5
4
53
4
2
26
105
5
33
4
26
14
4
3
3
6
8
18
18
5
8
39
11
6
90
9
4
15
16
3
5
36
19
34
71
4
7
4
77
5
52
5
3
12
42
33
7
6
102
9
12
5
9
10
29
33
8
6
47
11
15
3
10
4
6
4
6
49
18
42
19
20
9
22
8
10
10
9
25
3
5
6
7
16
53
34
4
8
16
4
23
21
4
43
3
11
91
42
27
13
12
9
33
12
38
22
31
45
56
17
11
5
16
123
2
12
20
7
23
7
6
19
148
12
5
16
8
61
10
6
64
7
16
7
8
4
21
99
20
2
20
7
15
7
21
17
4
4
36
4
14
27
5
6
28
38
12
6
3
8
22
7
43
41
6
61
4
47
14
8
4
16
11
15
13
9
27
52
86
56
15
8
109
25
8
46
43
23
12
2
36
11
35
5
3
15
59
8
23
11
20
9
7
16
12
42
6
27
31
22
49
7
37
23
36
15
8
5
22
113
12
9
143
125
107
2
8
11
7
2
71
23
6
12
11
5
56
24
18
208
16
33
4
5
7
29
55
5
35
15
16
3
21
14
4
8
1
10
14
67
10
6
3
12
15
14
23
55
12
20
20
12
13
34
43
23
7
6
9
13
53
3
36
7
26
29
49
77
5
9
59
43
189
8
20
6
20
5
8
62
6
15
14
14
11
94
6
12
13
13
23
15
15
7
129
37
15
6
98
24
9
19
8
9
10
74
28
8
34
11
58
4
34
16
7
9
176
2
11
3
4
28
23
33
1
8
19
46
18
35
4
34
41
20
68
24
17
7
7
54
7
30
22
10
35
86
7
11
33
12
73
8
158
22
29
4
16
87
8
12
6
23
34
31
37
13
37
4
15
2
67
50
2
6
24
40
25
119
31
1
9
41
10
17
3
7
4
10
84
31
54
23
103
40
21
11
21
5
35
17
4
9
28
73
20
7
10
6
5
20
17
5
2
188
8
53
6
136
20
15
13
12
102
11
3
12
7
17
32
10
13
11
62
12
8
117
14
99
15
7
5
42
29
11
16
15
17
29
20
16
1
25
84
30
77
9
17
16
13
20
1
8
18
17
8
3
8
37
6
5
8
56
7
77
8
12
18
23
11
5
14
3
6
71
35
3
8
39
88
9
21
62
4
6
22
6
13
3
16
103
2
13
8
8
6
27
26
9
8
49
42
50
14
9
24
8
7
48
11
15
7
6
24
17
6
6
10
6
30
15
11
4
2
69
1
8
11
37
16
7
15
8
300
63
32
43
3
53
17
6
13
8
152
3
12
5
32
4
20
55
2
59
19
7
4
8
8
2
14
43
32
18
137
21
13
28
40
14
10
6
10
8
5
73
5
107
78
12
38
36
5
15
9
8
19
81
71
23
43
4
7
2
12
173
6
10
49
7
8
84
8
27
11
5
14
25
10
10
9
10
1
8
7
12
17
30
66
8
82
10
83
29
4
12
10
19
18
23
5
39
22
5
73
6
234
8
94
22
3
7
9
6
45
28
4
12
14
62
70
15
12
10
9
9
13
5
7
9
11
20
29
76
8
2
9
4
7
41
332
221
7
4
38
50
5
17
7
39
15
11
22
18
7
4
19
33
14
181
206
54
6
20
26
3
16
4
8
6
72
58
10
37
10
2
4
5
3
6
6
6
28
20
18
39
5
3
24
24
56
6
47
6
11
16
87
55
48
40
29
2
25
3
37
14
4
6
7
10
4
4
9
408
71
14
33
11
12
11
3
8
13
6
67
4
3
10
101
22
23
15
3
11
6
8
9
71
7
3
28
31
14
5
7
3
15
7
7
5
6
59
7
48
9
57
28
14
6
22
16
13
40
12
10
13
7
7
6
5
10
14
11
14
8
7
30
24
29
6
6
24
19
8
22
2
39
5
91
25
21
11
24
23
5
21
6
5
6
14
26
33
114
10
25
4
9
4
3
5
3
15
15
16
6
96
2
16
4
18
13
21
28
7
66
11
28
4
8
46
12
6
18
10
23
9
105
4
6
19
3
4
40
13
15
6
21
18
18
11
7
53
23
9
7
11
212
6
142
1
28
12
41
11
3
14
93
9
31
8
18
12
17
5
48
101
4
26
16
16
9
66
6
6
14
28
16
8
4
5
5
8
74
3
3
26
3
14
7
81
8
16
5
25
7
9
10
9
21
47
103
6
5
6
84
12
8
102
16
58
148
4
11
48
2
21
16
91
21
7
26
5
4
4
40
11
23
27
18
20
31
15
7
15
22
24
9
10
29
20
3
2
39
9
41
175
6
31
10
24
3
100
20
6
40
16
3
11
32
4
13
3
16
20
15
7
35
4
22
3
18
12
5
5
8
11
4
9
28
8
50
19
3
7
4
5
5
77
16
8
186
13
17
80
2
15
45
39
14
15
36
14
48
13
2
23
13
21
6
5
32
64
47
20
48
22
10
168
20
18
5
7
85
6
16
271
6
6
105
13
38
3
3
7
4
8
23
46
81
73
87
6
9
5
3
4
117
5
14
24
5
10
21
41
133
9
54
25
134
30
6
35
3
738
31
9
8
24
12
4
31
67
33
2
22
84
95
7
3
11
43
31
52
9
3
24
90
6
25
24
16
5
37
7
9
23
7
40
3
36
8
5
25
6
13
4
52
8
26
10
13
18
5
14
4
111
9
117
22
7
7
93
11
20
56
4
7
22
20
20
21
20
30
66
6
3
26
44
14
68
9
6
8
13
2
26
10
104
11
16
7
10
17
35
19
5
17
4
9
5
43
61
58
27
10
4
8
4
10
5
17
57
30
9
8
10
300
13
50
12
12
69
6
4
