1874
1994
2830
1969
4222
2878
3857
2486
2163
2349
2829
2044
1754
1906
3326
2046
1654
2147
2509
2138
2234
3026
1816
2561
2174
2893
2469
4082
2352
3148
2861
3087
2011
2715
2698
1817
1520
3087
1971
1493
2518
2492
2466
3462
3011
2399
2767
1992
2252
2760
2622
2741
2782
2849
2096
2225
2614
1961
2157
2129
2237
1765
2527
3352
1859
2102
1433
2048
4231
2355
1675
1620
4096
4470
2398
1791
2295
2294
3744
2651
1765
2112
1453
3391
3665
3689
2820
3486
3318
2349
2613
2333
1419
2476
2256
3342
2157
3153
2862
2607
2498
3529
1519
4942
2127
1751
2353
2901
2637
2575
5695
3081
2429
2621
2195
1926
2477
2754
2114
2726
2388
2382
1802
1648
2058
2185
2504
2219
2014
2925
2765
2881
2594
2243
1676
1910
2255
2668
2563
3296
3667
2227
2444
2693
2249
2101
2245
2223
2292
1717
3042
2450
2200
3506
3223
2138
1847
1450
2078
1854
2102
2213
2122
2233
2238
2184
1837
2147
4661
1786
1833
1718
1677
1923
3281
2775
3761
2314
4570
2980
2537
1991
2853
2679
2642
1615
3104
2824
2002
1568
3069
2491
2170
3962
2320
2836
2375
2395
3309
1999
2378
3094
4443
2415
2177
2091
2193
2609
2064
2097
2377
3105
2925
2361
3762
2327
2917
3578
2944
2376
2190
2788
1948
2552
2972
4459
2567
1886
2248
2252
3059
1926
2301
2926
2422
3387
2173
2595
2142
2756
2136
3018
3190
1399
1815
2068
2677
1969
2072
2859
2033
3670
2520
1925
3903
3372
3219
2108
2685
4319
2371
2098
1995
2570
1812
2023
2082
2294
2335
2273
3070
2487
1476
1761
2321
3017
1441
2665
2214
2276
3320
2059
2327
2749
2540
2424
1987
2285
3008
2305
1947
2523
3278
2893
2386
2321
3375
2169
2824
2621
2422
2802
2401
3799
2135
1889
3013
1959
2331
1882
2033
2155
1681
2247
2618
2009
2805
2265
2366
2564
2515
2610
2022
2048
1768
2543
2348
2318
2495
1739
3088
2197
1722
3512
1785
2241
1903
1961
2339
2646
3173
2145
2785
1979
2557
2126
2192
2107
1922
2105
2435
2589
1333
2044
2059
2726
3292
2182
3083
2171
2482
2860
2620
4176
2126
1783
1938
2294
3015
2693
2772
2813
2539
2034
2796
2335
2841
3043
3253
1742
2425
2032
2500
2491
2299
2204
1955
2318
2305
2269
3320
2645
2034
2070
2216
2588
2494
2449
1961
2621
2979
2624
2003
2247
2450
2240
2310
2042
3204
1864
1394
2912
2465
2005
3510
2819
2170
1738
1775
2772
3075
2689
1556
1830
2148
2643
3028
3549
1877
1808
2419
2116
2524
2172
2997
1874
2282
2180
3322
2688
1647
2405
2053
1583
3080
2161
3000
3039
2760
1896
2553
2413
2668
2290
1888
2912
2387
3895
2450
2139
2640
2801
3695
2207
1967
2351
2325
1550
2872
2911
2010
2667
1724
2817
2609
2626
2684
2187
3258
2391
2592
4241
1799
2163
2325
2704
3014
2184
2787
1984
2907
2107
2020
2125
2792
2203
2678
3147
2054
2966
2726
1724
2466
3126
2462
3487
2168
2901
2679
1846
2139
1873
1857
2573
2743
2701
2097
2885
1800
2160
3343
3588
3629
2964
1787
2424
2550
2920
2471
3187
2072
2033
2371
2544
2961
2195
2130
1454
2153
1860
3253
2289
1854
2261
2118
1960
2068
2095
3095
2940
3729
2716
2103
1462
2577
2070
2806
1795
3019
4106
2709
2548
3443
1386
2258
2229
2053
3274
3689
2049
1829
1974
1875
2807
2332
1258
1996
2369
2546
1863
2598
3615
2302
2861
2481
3082
2232
2378
2586
2794
1846
2622
2106
2426
2374
2261
1658
3163
1998
2269
2609
2306
1870
2244
2566
4043
5219
2471
2179
2718
2322
2191
2364
2261
2269
2485
2481
2194
1515
3861
2462
1991
1934
2880
2176
2507
1922
1989
2540
3020
4060
4146
2165
2273
2140
2199
3376
3005
3029
2435
3619
2603
1879
2277
2717
3782
2103
2478
3147
2286
2644
3564
1573
2362
1916
2586
4724
2269
2343
1894
3435
2955
2532
3622
2830
4101
1824
1784
1784
2499
1356
2744
2016
2519
2507
2459
2158
1877
2570
2030
2297
2830
3140
2695
2780
3014
2162
1570
2419
2270
2490
2143
2060
2130
3186
1902
2831
2436
1659
2525
4064
2152
1997
3280
2773
2342
2240
1815
2710
3139
3049
2243
2412
2985
2624
2644
2557
3603
2464
2764
2462
1955
1989
2558
2834
1563
2954
2337
3676
3283
1947
2387
2927
2485
2308
2800
1992
1928
2123
1594
1324
1813
2471
2023
2896
3658
2051
2393
2853
1628
2205
1914
2532
2504
1857
2919
2207
2287
2338
2777
1525
2057
2093
2241
2714
2274
1938
2990
2458
2012
2025
3047
1973
3763
1828
2556
2943
2739
2373
3007
4104
2248
3206
2062
2253
3100
1920
2775
2557
2697
1645
2015
1873
1618
2976
1462
5364
2784
1959
2429
2938
2666
2452
2977
2803
1802
2812
2216
1765
2617
2326
3269
1978
2511
2442
1741
2377
3155
1769
1839
2797
2066
2381
1891
1846
1963
3390
1736
2604
2149
3397
2360
2500
2896
2146
2596
2713
2320
1966
3132
2389
2761
2058
1973
1693
2523
1687
2164
3033
2699
2402
2483
2073
1661
2332
2464
3216
2134
2240
2466
2206
2982
2644
2352
2240
1701
1892
2189
1812
1641
2992
2040
1779
2410
2738
3420
1821
2506
2017
2352
1549
2919
2867
2917
2344
2241
2852
2374
2875
2984
2599
2678
2267
2071
2509
2157
2685
2601
2227
2735
1994
1772
1694
2734
2002
2197
1936
1710
3422
2436
2375
2094
3111
2458
4509
1929
4198
2017
2704
2705
3254
3096
2569
2318
1803
2748
2011
3351
2686
2425
2218
4122
1682
2150
2512
1797
4513
3518
2712
2440
2267
3124
1954
2179
3509
2794
2146
3319
2388
3935
2820
2291
2796
2273
3875
2187
2533
2631
3157
2406
2853
2320
2964
2300
1842
2257
1746
2234
2793
4830
2535
2042
2577
2904
2463
2821
3231
3480
1624
3247
1966
2835
4959
2210
2991
2810
1875
2721
1545
1982
3202
3204
1762
3199
1878
3249
1898
1969
2142
4460
2414
2370
2091
3304
1988
2062
3085
1930
2498
2708
1983
2335
2158
1807
2095
2735
2652
2839
1858
3325
2618
2429
1774
2106
2006
1719
2936
3194
2298
2637
2014
1989
3090
2032
1946
2810
2015
2087
2457
2197
1331
1841
3538
2400
3386
2093
4496
1567
1873
2196
2153
4303
2472
2231
3702
2907
2076
2919
2145
2745
2110
1943
3835
1614
2883
2408
1738
2207
2476
2968
2055
1571
2834
2976
1996
2441
2954
2805
3201
2484
2157
3033
2192
2769
2692
3405
1975
2459
1994
1694
2912
2446
1620
2341
2274
2457
1851
1985
2752
1722
2137
2085
1029
1725
2863
2436
2491
2504
4534
2630
1934
2872
2202
2861
2446
2165
3195
3656
2407
1553
2163
3751
1683
1738
2436
1597
2006
2421
2640
2759
3152
3682
1798
2163
3245
1489
1595
2194
1972
2957
3609
2165
1713
1741
1640
2211
3123
2830
2748
4130
4199
2086
2384
2528
2699
3162
1577
2103
1757
1815
2031
1843
2621
2081
3696
2065
2147
2583
2535
2393
1691
2098
1861
3397
2187
1777
2371
2319
2098
2127
1660
1870
2843
3701
2878
2529
3565
2780
2887
3125
1823
2078
2128
2961
2263
3158
2633
1666
1921
2145
2211
2788
1898
2833
2411
3821
2141
3102
2412
2696
1605
1878
1848
2272
1492
2106
2691
2751
3154
1605
2012
2549
2189
2725
2155
2468
2245
2811
1871
3577
3766
2634
2154
2604
1910
2710
2156
3051
2062
2827
1722
2555
2152
2413
2094
1928
3188
3020
2227
3447
2456
1281
2054
2440
3572
2823
2382
2431
2597
2209
2270
2518
1967
3431
2433
2649
1960
3423
2341
1789
1692
3100
2436
1592
2359
2166
2553
2405
2523
2770
2347
3683
2180
2053
1833
2392
1865
1688
2115
3986
3349
2812
1974
2584
2679
2974
1976
2074
3625
2564
2531
1930
2521
2221
3494
2617
1892
2434
3483
2881
1654
1931
1955
2490
1780
3162
2157
1537
3112
6330
2361
2989
2022
2313
2040
1955
2671
2064
4519
1976
3314
2131
2179
2810
5209
2450
3323
2111
2157
1998
1753
2367
3435
2202
1947
2160
1941
2707
2329
2342
3074
2830
3268
2145
2345
1617
2860
2740
2923
2114
2092
1871
3267
2458
2178
2120
2265
2247
2106
2975
3009
2822
2482
3005
2004
2165
1909
2224
4825
3535
2254
2726
2380
2068
1712
1996
3241
1823
2651
2288
1962
2288
3327
2465
2566
2256
3303
2578
2155
1699
2016
2480
1913
2807
2631
2508
3011
4117
2758
2422
2505
2404
1450
2090
2611
2280
1938
2576
2471
2780
2298
2171
2114
2498
2094
2297
2915
2145
1944
3380
3099
2465
2152
2653
2913
1740
2193
3609
2227
1767
2019
2461
2530
2142
3692
2100
3305
2485
1849
2096
1430
2601
2444
2317
2465
2900
2143
2777
3142
3432
1316
2140
1274
2850
2824
2483
3766
2309
2248
2420
2036
4412
2008
2112
2024
2846
2065
2856
2419
3704
2333
2619
3151
2094
2077
2787
1790
2036
2524
2674
2248
2343
1792
3654
2327
3667
2398
3659
3082
2228
3367
2916
1865
1942
2513
2316
1884
4060
2566
2498
2358
1874
2162
2377
2375
2665
1946
2073
2222
1974
1891
3218
2143
2467
3427
3125
1777
3116
2062
3129
1641
2602
1895
2265
2407
2657
1777
2483
1911
2471
2520
3667
1970
3886
2227
2728
3235
3321
1590
1743
1577
2486
2898
3206
1390
2264
1999
2523
2643
1964
3070
2563
2387
2653
1891
2277
1576
2618
2372
2060
1589
2367
2576
3083
3737
1189
2812
2099
2083
2238
2056
1659
2909
1780
2009
2454
2565
1998
1838
2200
2713
2090
2302
2413
1577
1822
2123
1952
1912
2259
2843
2565
2173
2392
3043
3233
1757
2958
2170
2507
3032
3022
2353
2813
2981
2009
1759
1596
2321
2082
1987
2356
2362
1624
2977
2459
1394
2641
3048
2610
3010
2157
1779
2278
2964
2344
1675
2766
2304
2835
2249
1881
2610
2284
2640
2506
2601
3252
2966
2106
1696
1941
3525
1911
2000
2930
2061
2480
2175
2113
3492
3175
3575
1915
2658
2532
2232
2027
1696
2724
2195
3118
2639
2564
2129
2017
3036
3071
2079
3468
2754
2675
1913
2448
2914
2377
2229
2828
3277
1857
2293
3263
3584
1833
2390
2124
2475
2198
2854
2392
2054
1832
1580
2986
1549
1946
2531
1795
2296
2092
3227
2008
1879
2324
1545
2437
2163
2246
2029
2039
2020
1988
2240
2594
2557
3550
2965
2220
2393
2170
2130
2779
1747
2923
2174
3440
2299
2081
1807
4076
2445
3178
2436
2215
2939
1749
2420
2481
1935
2773
1988
2077
3187
2134
2860
5107
2097
2544
2384
2594
1459
2737
3382
2466
3264
1951
1804
2048
1660
2378
2869
3305
1829
2410
1678
2344
2099
2254
2117
2026
2597
3625
3005
2965
2253
3101
2131
1937
2809
2319
2114
2781
2437
2281
3046
3281
2044
3619
1707
3067
2186
3287
2084
2500
3401
1957
1576
3092
2728
4063
2052
2177
2469
3329
1653
1978
1910
2422
2153
2571
1815
2131
1914
1894
2200
2049
2025
2196
2233
2124
1867
1821
2215
2907
1938
1497
2796
1632
2953
1941
2123
1949
2652
1777
2436
2388
1966
2509
3067
2920
1962
2191
2859
2419
3879
2649
2618
3042
1778
3753
1991
2322
1943
1793
2539
1918
3470
2972
2375
2659
2763
3279
1981
2345
2777
3162
1853
2502
3046
2034
2280
2470
2308
1902
2343
4981
1882
2851
2238
2237
2732
2756
2504
3732
3846
1995
2459
3202
2057
2397
2278
2012
2781
1650
2304
2237
1597
3069
2550
2136
3008
2903
2559
2524
1468
2138
2748
2499
2318
2390
3855
2477
2748
2643
2497
3107
3014
2135
2666
2298
2090
1878
3244
2711
1884
1543
3080
2760
2799
2373
2080
1857
2526
1942
1931
1483
2520
2225
1782
2397
3156
2709
2491
2242
2016
3015
2213
1704
1852
2585
2178
2395
2307
3037
2830
2638
3213
2193
2580
2732
2817
2121
1380
2249
2009
2419
2310
3378
2525
1788
2500
3334
1999
1743
2128
2184
2443
1687
2366
2537
2179
2299
2773
2512
2044
2665
1630
3014
1552
2005
1809
1937
2147
1848
1572
1814
1973
2278
2506
2476
2087
2337
2853
2169
1988
2026
1998
2307
1712
2490
2251
2321
1964
3354
1816
2543
1309
1642
2455
2178
2560
4234
2509
2820
2421
2400
2300
1561
2800
2477
2594
2728
1845
2592
4617
1829
4227
2068
2887
1804
2036
3107
2799
3007
1863
3183
2266
1671
3395
2193
2541
1777
2181
2888
3147
2679
2034
1834
2328
2010
2957
1935
2280
3854
2822
2314
2616
2733
1993
3497
3229
2521
1889
2713
1980
2825
3352
1710
2884
2166
2530
2816
1843
2261
2493
1682
2369
2340
2912
1952
1719
1803
1864
3041
1993
2154
1999
2515
2538
2373
2482
2203
1838
2851
2360
2578
3323
2065
1936
4216
1779
2539
1765
2583
2015
3316
3214
2802
2008
3351
2295
2296
2522
1863
2072
2957
1763
2129
2730
2764
2933
2615
1838
3189
3056
2159
1987
1726
2462
1755
2347
2610
2890
3200
2615
2297
2937
2287
3873
3244
2290
2734
2887
1783
1747
2266
2602
2602
1954
2003
3488
2254
2098
1974
2362
2521
2501
2794
1957
1555
1776
3213
1622
2226
2939
2429
3597
2006
2752
1720
1638
1972
3122
2219
2729
3082
1612
3063
2420
2895
1716
3030
4171
1879
2070
1901
2532
2175
2053
2676
2378
1890
2214
1988
2033
2460
3540
1766
2215
1991
4083
2558
1718
1663
2263
2478
2163
2255
2554
2168
1920
2264
3080
3621
2914
2338
1990
2238
3427
3305
1615
2270
2268
2671
1877
2719
2825
2928
1792
2829
3274
1894
2154
2796
2419
2544
1923
2482
1905
1796
2189
2984
2237
1826
3021
2410
1976
2557
2252
5055
2328
2367
2278
2227
2901
1863
2691
2717
3425
3584
1910
2188
2121
2126
1800
1909
2166
2321
1864
1722
1679
2097
2053
2149
1862
2036
1472
1805
2146
2164
2333
3521
2218
1724
3105
1603
2933
1792
2286
3433
2538
2567
2437
2688
2457
2435
2734
3440
4312
1187
1838
2461
2280
3321
3263
2213
2191
2717
3167
3156
2447
2341
2289
3120
2492
2679
2345
2165
2219
1699
2821
1807
2147
2514
2300
3339
3484
3603
2569
1939
1878
1687
2692
1978
1908
1779
2613
2027
2614
1629
2400
3701
2576
3379
1843
2063
1706
2262
1917
2876
2779
2578
1563
3197
2413
2909
2077
1791
3416
2723
3805
2063
2223
2632
2431
2186
3245
2422
2975
2187
2133
2661
1804
2232
2428
2243
2017
3604
2650
2190
1983
2803
3192
3480
2596
2251
1844
1841
2618
2370
2494
1687
2824
2702
4108
2121
3309
2425
1753
2317
2955
1379
2545
1820
2408
2477
2354
2243
2806
2170
3899
2589
2162
2990
2168
2939
3588
2750
3125
2604
4342
1919
2657
3037
2005
1707
2441
2241
2456
2474
1985
2619
2463
2338
2043
2412
2493
2708
1872
2543
2224
3005
2871
2899
2875
2718
1712
1978
2991
1626
2543
2588
1996
1531
1556
1866
2806
2360
2852
3063
2029
2155
2019
1867
2012
2388
1327
2612
3470
2106
2188
3326
3181
2243
4914
3396
2598
2939
2484
2090
2007
2561
3329
2941
2665
1779
1967
2634
2482
3052
2782
2185
2149
1840
1505
3146
3060
2562
3406
3651
3481
2059
2879
1786
2378
2400
1826
2489
2216
2735
3129
2032
2361
2861
3268
2083
1825
2068
3735
3257
1728
2826
2430
3357
3295
1900
2615
1906
3833
2815
3088
3926
2489
2444
3526
3013
2275
2494
2556
2197
2183
2247
2514
1859
2367
2026
2351
2527
3375
2449
1833
2441
1789
2732
2860
2009
2086
2301
1806
2094
2742
1929
2425
2150
2374
2912
2215
2424
2895
2061
2494
2201
2910
2309
2115
2207
1928
3004
3849
2656
3682
3091
2244
2264
1809
1874
2341
3452
2702
2327
2131
1715
2555
3476
2896
2762
2707
2422
2494
2154
2226
1778
1996
2231
2372
1693
2946
2712
3258
1345
2449
2314
2072
2329
2541
2766
2618
2593
1418
2836
3332
2281
1669
1954
2013
2097
2467
2784
2034
2585
2796
5053
2205
2686
2345
2095
1979
1974
2979
3493
2115
2278
2936
2743
1339
1708
2091
2357
2252
2298
2307
3663
2880
1950
2369
2484
2549
1376
1314
1501
2576
2450
1933
2665
2492
2416
2376
2158
2507
2876
2349
2752
2707
2653
2543
971
2703
3624
2026
2564
2356
3039
2577
2389
2928
2358
2259
1992
5084
2226
1782
2087
2301
3251
3391
3798
1867
2287
1617
3119
2446
2965
2347
2370
2781
1882
2192
2420
2519
2525
2349
4119
3831
1997
2091
2634
2501
4540
2845
2550
2590
1929
2070
2908
3035
2379
1866
3725
2349
2640
2582
1876
2538
2485
2336
2394
3093
4151
2590
2704
4343
2315
2152
3454
2377
1860
1647
2506
2861
1832
2136
2294
2859
2297
2705
2360
2147
2191
2113
3081
2546
2600
2201
2922
1995
1415
1932
4917
2353
2502
1730
3051
4117
1821
2799
3168
3215
1902
2706
2597
2784
2905
2062
4137
1540
2311
1810
1745
2925
3504
2438
2660
1706
2368
1675
3011
2345
3530
2826
2375
3879
2604
3364
2841
2789
2180
2419
2535
1925
2282
2013
1776
2656
2135
2183
2706
2556
1939
2647
1814
3317
2790
1930
2151
1757
2181
2365
3502
1859
2058
2241
2446
2974
2360
1895
1834
2072
3526
2248
2420
2605
2442
1970
2182
1891
1825
3380
2035
2374
2139
2852
3415
2317
2093
2128
2254
1775
3155
3664
2039
2992
2497
3247
2500
2683
1798
2524
2078
2221
2264
2803
2265
3225
2727
2351
1837
2512
1637
2567
2333
3269
1954
2035
2865
2551
2889
3112
3121
2745
2607
3245
4892
2623
2834
2786
2939
2254
2469
2182
2192
2085
1618
3907
3247
3037
2577
3676
2342
2251
2160
1924
2713
2953
2876
2190
2701
2387
1944
1914
2228
1575
2240
2923
3458
2167
1741
1971
2195
2226
1853
2927
2530
3044
2078
1974
3617
2194
3569
2299
1793
2301
2690
1928
2619
1515
2654
2425
2403
2223
2957
2723
3466
2140
2451
3183
2547
2272
3198
2284
2648
2121
1666
2320
2109
3024
2022
1953
2212
2671
2449
1569
3199
2287
2558
2549
2595
2004
2632
2424
2144
2341
2285
2759
2741
2270
3036
2790
3355
1682
2448
2903
2084
3104
2641
1817
2767
1889
2251
4185
2409
2489
1921
2138
1815
1491
3203
1943
3329
1835
2322
3236
2607
2827
1901
3081
3092
2081
2862
1616
1658
1895
2535
3854
2559
2586
2501
2266
2467
2625
3558
4327
2348
2592
2062
3759
2339
2196
2374
2111
2526
1889
1870
2898
3087
2169
2772
2469
3682
2275
2173
3260
3037
2004
2042
3006
2753
3251
2387
2362
2964
3040
2062
1985
1954
1877
2453
1823
1835
1852
1850
3426
2208
2565
2396
2563
2322
1815
2100
1882
3611
2241
2785
3150
3685
3247
2476
3891
2049
2765
3476
2350
2112
2035
2192
2732
1196
2236
2543
2158
2731
2873
2937
1829
1881
1277
2075
2208
2019
2614
1756
2389
1829
2086
3380
3161
4262
1868
4144
1810
2050
2764
2940
2280
2828
2611
2418
1631
2451
2575
2181
2933
3535
2409
2618
2110
2291
2195
3011
2239
3463
2370
2026
2328
3213
2684
2391
3571
2753
2886
2187
3249
2254
2753
1760
2435
3601
2298
1750
1652
2101
3265
2555
2307
2225
3937
2260
2095
2918
3466
2452
3001
3729
1587
4297
1901
2965
1613
1566
2235
2462
2937
2205
2831
2806
3378
2945
2779
1680
2731
2828
1932
2305
3453
4580
2580
3123
3672
2687
2113
1765
2628
1753
2131
1904
2116
2310
2540
3653
1552
2618
2229
3384
2032
2296
2775
1803
2496
1593
2338
2186
1886
2745
3985
2528
3205
4530
1696
2452
1610
2444
2548
2089
2524
1752
2406
2615
2432
2760
2611
2089
2449
2907
1552
2246
2396
2438
3504
1997
2876
2229
1935
1999
2128
2552
1965
2186
4354
2998
1701
2461
2092
1979
2863
1970
2869
2772
2087
2303
2566
3006
3038
2785
3500
2403
2274
2698
2086
2217
3955
2523
2477
2101
2334
2241
1959
3019
2735
3185
2450
1640
2754
2419
2012
2196
2722
1895
2203
2275
2002
2048
2374
3501
3344
3346
2708
4098
2643
1766
2012
3429
1988
2467
2164
2137
2008
3028
1915
2557
2122
2336
1588
2410
1673
3121
2253
2191
2355
2363
2252
1861
2114
2407
2029
1269
2668
2498
2553
2545
2163
3271
1721
2599
1907
1664
2673
1597
2290
2233
2281
2431
2951
3669
1795
1884
2311
3585
2357
1838
3327
2145
2352
2638
3705
2461
1909
2379
3877
1884
2016
2306
2011
1757
1896
3227
2716
1746
3308
2290
1459
2072
2562
3171
1685
2383
2587
2237
2184
2988
2630
1903
2353
2985
2691
2042
1384
3137
2030
2273
2379
3689
1595
1940
2951
2255
2902
3430
2584
2649
3564
2437
2796
2264
4039
2133
3390
2522
2556
2624
2102
2657
2374
2891
2490
2448
1728
3454
1428
3150
1741
2984
1924
2830
2967
2511
2088
2039
1958
1722
2645
3978
3777
3289
1650
2622
2717
2168
2006
1813
3115
2708
1775
2272
2767
2426
1786
2848
2376
1889
1943
2265
2497
3417
2466
3855
2144
2849
2507
2451
1934
2263
1556
1529
2986
2504
1995
3075
2301
3115
1681
2942
3814
3028
2687
1804
1583
2604
2214
2319
2467
2825
2108
1834
2092
2425
2811
2113
3323
3046
2101
2197
2934
3240
3816
1960
3046
3009
2034
2496
2456
3159
1802
2575
2072
2240
3392
2482
3191
1995
2453
3418
2853
1982
1704
2827
1892
3064
2137
3040
2350
1878
1752
2101
2143
2987
2092
2636
1955
1945
2259
2582
2213
2028
3140
3223
2465
1907
1751
2193
1847
1670
1863
2798
2797
2646
2118
2160
2585
1826
2103
3583
2538
2621
1710
2756
2251
2484
4345
2678
2269
2377
2054
3102
1669
1963
2441
2306
2469
2085
2548
2332
3417
3130
2447
2767
2944
2203
1722
4572
1782
1520
2044
2293
2475
2326
2446
2904
2487
1976
1794
2441
2810
1533
2380
2266
2824
2002
1756
1560
2257
2470
2047
1756
2885
3021
2190
3422
3322
1954
2427
2105
2435
3045
3681
1928
2025
2713
2804
2981
2983
2222
2328
3881
3539
2079
2186
2214
2851
2985
2214
2135
2807
3574
2362
4500
2284
2409
2197
2137
1941
2389
1568
3493
3089
1875
2676
2445
1960
2484
3185
2122
2210
2155
3275
2472
4671
3093
2040
3390
2001
2180
2000
2053
2078
2343
2789
2159
2593
2306
2702
2000
2325
2883
3530
2406
2659
3643
3711
2266
1730
2042
3867
2776
2205
1588
2245
2929
2626
2749
2597
1386
1957
2728
1986
2170
2526
2437
2658
2052
2721
3581
2223
2953
2358
2440
2340
1971
2169
2449
2118
3544
2424
4408
3318
1653
1618
2733
2361
2544
2365
1941
2621
2268
2495
2968
2473
2458
3035
2868
1994
1757
2005
2025
2751
3090
2399
1992
1714
2691
3478
2122
1918
2820
3148
1385
2432
1843
2670
2454
2442
2326
2354
1892
2216
1733
3029
3576
2426
2276
1970
2506
2067
3028
1794
2183
2751
2122
3146
2881
2353
1957
3187
3054
2048
2786
3086
2136
3271
2505
2162
2113
2562
2922
4240
3010
2461
1557
3073
2068
2438
1827
2436
2207
2269
1824
1713
1992
2260
2310
1692
1563
2374
2038
2571
3193
2916
1168
2406
1580
2478
2139
1999
2184
2814
1754
2138
3659
2876
2102
1973
2729
2483
2541
1906
2468
2358
4320
2517
2201
2441
4060
2261
2345
2495
2807
3173
2557
2801
2991
2142
2289
2977
1811
2620
2147
2339
3229
2044
2146
3617
3626
2410
2031
2368
2605
3037
2600
2547
3096
2025
1845
2707
3191
2236
1873
3532
2527
2668
1888
2556
1963
2682
1601
2740
2755
2553
1357
2054
2952
3387
3144
2706
2256
2273
2694
2127
2454
2546
2190
2314
4787
2363
3079
2451
2265
2185
2391
2243
2208
1768
2605
2248
1997
2307
2517
2783
2811
2371
3286
2138
2360
1850
2468
3285
1915
2541
2300
3205
3028
3248
2500
2513
2546
2630
2063
2223
1829
2674
2576
3034
1499
2166
1919
2218
2179
1951
1914
2135
2610
2732
2500
2080
2036
3505
1799
2437
2618
2261
2685
2657
2698
2578
3128
2433
2526
2229
2032
2447
2415
1850
2331
3312
2189
3581
2302
2578
3211
3233
2806
2662
2901
2488
3538
2296
3763
1795
2101
2936
2422
1770
3938
2595
1979
2008
2838
2168
2274
1887
3462
3284
2778
2347
2178
1770
2388
2222
1873
2398
1449
2227
2584
2060
2212
2377
2759
2268
3345
2779
3270
3129
1583
2016
2326
3025
2148
1623
1950
2540
1927
1974
4307
2583
2728
2639
2738
3604
1934
3118
2913
1447
2329
3242
2040
1926
2000
2364
2646
2369
2196
1821
3282
2704
2583
2053
2046
1904
1839
2525
2510
1329
2015
2142
1823
3147
1911
2421
2215
1840
3305
1761
2280
3018
2495
2758
1503
2153
2461
1961
2338
2430
2832
2460
3720
2554
3160
3456
1905
2594
1762
2908
1841
1984
3738
3134
3421
1932
2649
1931
2223
2236
2908
4947
1766
2567
1638
2427
3544
2551
2686
2233
2257
2083
1773
2432
2503
1827
2380
2095
3079
2643
2082
3402
1827
2949
2114
1614
3068
1935
2793
2489
2017
2233
2525
1598
2425
2698
2091
2283
2151
3897
1864
1736
3494
2083
2750
3872
2485
2443
2122
2075
3307
3377
2249
3024
1988
2558
2802
2524
2437
2149
1949
2285
2021
1558
2383
2091
2688
2225
1834
2568
1859
2962
3300
3225
1611
1943
2847
2740
2420
1970
2422
1856
2300
2077
2821
2713
3587
3091
3013
2635
2627
2643
2025
3801
2545
1690
1937
3038
2540
2638
1761
2462
1432
3064
2131
2602
2794
3741
2084
1759
2954
2243
2857
3227
2183
2835
2029
2019
1934
1829
2716
2454
1832
2509
2254
2233
3410
2961
2905
3172
3478
2686
2292
2968
2099
3331
3160
2188
2213
3015
1778
2399
3236
3027
2280
2421
2805
3711
2307
3962
2277
3984
2567
2666
2648
3478
3927
2803
1653
3334
2519
1542
1853
2113
1492
1403
2013
3252
2888
3597
3007
2151
2557
2392
1924
3815
2180
2719
2130
3028
2787
3852
2529
2978
2178
2692
2566
2470
2235
2336
2991
2370
1469
2253
3917
2285
2486
2929
3104
1778
2312
2314
3463
2786
2481
1866
2613
2849
2849
1528
2170
2176
2187
3060
2453
2573
2938
1660
2467
3935
3765
2652
2713
3201
2065
4274
2163
3366
3846
2831
2326
2340
1736
2407
1816
2266
2186
1803
2960
2111
1837
2709
2961
2099
2063
2315
2821
2149
2586
3375
2299
3656
1738
2578
2965
1681
2581
2320
3025
3206
2601
2796
2354
2524
2653
3574
2347
1822
3201
1358
3801
3201
2832
1963
2099
1895
2967
2011
4703
2235
3174
1743
3366
2609
2632
2338
2328
2486
2605
2481
2041
1866
3016
1946
2609
2901
2254
2110
3315
2069
2589
1959
3112
3272
4262
2462
3473
2821
2294
2164
2366
1702
2634
2130
1873
1830
2598
2617
2745
2846
3283
2077
2073
2560
2980
1755
4809
2250
3546
2096
3063
1822
3144
3703
3224
1734
1647
2475
2628
3703
2679
2065
2720
3090
4175
2886
1992
1648
2448
1943
3219
2226
1741
2280
3747
1951
2901
2169
2389
2237
1770
1973
1929
2714
2143
3157
4608
2387
1808
2539
2721
2719
2156
2589
2272
2152
1921
2576
3061
2082
2318
2406
1795
2792
2738
3452
2718
2679
2121
2147
2090
2422
1672
3599
2075
2034
2470
1800
3082
2849
2492
2771
2508
1470
2716
2080
2426
2606
3970
3543
3442
2679
2272
3240
2509
2921
2692
3493
2004
2321
3448
2418
2728
2541
3289
2657
2361
2429
2098
2917
2252
2845
2181
2157
1544
5748
2580
2863
2940
3840
3131
2576
2488
3098
2383
2218
2255
2362
2568
2283
2713
2951
2506
2204
2589
2918
2443
2113
2636
2037
2298
2136
2890
2641
1577
2290
2236
2429
1946
2350
2156
2962
2381
1635
2441
2568
2731
2871
1909
3678
2543
2327
3320
3407
1621
2077
2389
1565
2368
3187
1951
2616
3028
2143
3455
2021
3634
2855
2548
2274
2274
1600
2697
2998
2738
1930
2253
2586
2067
2943
5202
2408
2701
2638
2725
4227
2306
2710
1729
2825
2500
2619
1814
2740
2523
2144
2291
1830
2650
3044
2599
2472
1955
3273
3391
2541
2386
3006
2109
1534
3617
2204
1935
2898
1884
2015
2527
1841
3569
2615
2187
2408
2454
3343
2055
2093
2356
2120
2340
2794
2748
1898
2343
2181
3114
1700
2290
2481
2824
2022
2175
2524
2082
1644
4176
2286
3451
1827
1702
2315
3091
3410
3788
2949
2306
1578
2494
2678
2736
3790
2242
2356
1903
2328
2506
2925
2551
3218
2578
3463
2819
2531
2123
3048
2500
2419
3716
1263
2467
2227
2517
2725
1870
2144
2998
2113
2182
2601
3193
2586
2094
2937
2651
1930
2833
2545
2012
2269
2083
2388
2027
1532
2368
3070
3453
2334
2274
2265
2125
2717
2823
1952
1968
3156
2472
2091
2521
2495
2597
3944
2682
1635
2064
2972
2714
1868
3331
1844
3090
2196
2495
2593
2704
2339
2681
2864
2184
1713
2723
2901
2768
2234
2454
2471
2314
2045
1714
2611
2106
2003
2654
1951
2644
1884
1860
2160
2356
2554
3407
2546
1787
2834
2766
2961
1716
2057
2461
2315
3555
2048
1889
2368
2069
1948
1962
2751
3569
3251
2049
2596
3231
2310
2835
2142
3206
3078
3790
4562
2067
2518
2319
2998
1964
2507
2441
1809
2733
3046
2763
3255
2750
2809
2001
2455
5361
2310
3207
2917
3480
1793
4731
1857
1824
2390
2435
2181
2547
2317
3411
2631
1926
2392
2088
2640
1953
2367
2551
3087
1859
2080
3038
2515
2014
2020
2547
2640
2968
2990
2250
2434
2520
2834
2249
3259
3049
2425
2598
2324
3423
2941
2225
2165
1689
2449
2335
2438
2535
2044
3061
2006
2381
1950
2641
1754
1677
1895
2141
2658
2973
1917
2224
2711
2922
2258
2624
1945
2997
1853
2582
2273
1840
2283
1905
2072
3302
3688
3253
2768
2627
1524
2210
1711
2582
2969
2128
4314
3316
2287
2635
2324
2955
3079
2575
2738
2433
2258
1722
2876
2234
2522
1508
3245
2447
4358
2053
2234
2355
1701
2018
2889
1228
3814
1875
1624
1634
2951
2379
2389
2107
2547
2132
2794
2094
2960
2148
2020
3551
1939
2121
2146
2142
3257
2468
3262
1965
2314
3546
3090
2478
2175
2160
3562
2669
2724
2186
2182
2561
2229
2262
2216
3765
2185
2457
2544
1970
2088
2226
1942
2403
2434
1740
1232
3620
2402
1773
3143
2637
2160
2879
2516
2489
1402
3631
2057
2180
2388
2994
2418
2270
2413
2468
2078
2302
2093
2548
2798
3085
1842
2064
3798
2238
2506
1982
1886
2213
2121
2535
2556
1659
2655
2968
3114
2972
1981
2907
2122
2268
2197
3103
2086
1975
1897
2522
2165
4788
3353
2470
2834
1847
2861
2057
2203
2230
3458
2062
2256
1919
2711
2318
1591
1466
2999
2501
2685
2015
4030
2447
1974
2612
2171
2053
2249
2343
2427
1909
2046
2331
2047
2340
3217
2676
4796
1991
1767
2754
2113
2422
2516
2150
2256
3319
2361
2211
2085
2739
2222
2597
1996
2897
2661
1975
2236
2511
3177
2478
2186
2379
2478
2349
2720
2828
3657
2422
2274
2842
2285
2502
2348
2813
1914
2054
3388
1741
2443
2014
2092
2291
2978
2156
2767
2185
3558
1048
2526
1915
1442
2483
2030
2117
3160
2253
2886
1728
3446
2109
2715
2328
2553
1791
2176
2812
2867
3091
2991
2277
2932
1835
3998
1953
3867
3714
4101
1219
2286
2480
3698
2277
2167
2918
1920
2451
2773
1622
1862
1681
2299
2229
2204
1819
2764
1802
4305
2113
2258
2594
2779
2836
2372
3289
2136
2482
2836
1943
1387
2207
2429
2903
2867
2375
2443
3704
2583
2335
2998
2805
2166
1697
2897
1981
2511
2863
3721
2154
2057
2740
2433
2342
1757
3685
1828
2044
3468
3186
2239
2454
2967
2851
1717
2278
1975
2429
2274
2662
2521
2073
2626
2496
1744
2121
2407
3037
2693
2501
2019
3428
2420
3619
2461
4581
2248
2039
2137
2752
2208
3103
2442
1014
2220
1850
2676
2818
2949
2684
1814
2073
2205
1930
2647
2921
2772
2481
4808
2318
4463
2433
2495
2918
2071
3068
2539
2271
2832
1849
2566
2243
1907
2607
2644
2101
2192
3550
3649
1767
2758
2079
2487
3137
2474
2442
2624
2446
2196
2038
2070
2598
2623
1360
2280
2904
2397
3391
2069
2882
1703
2795
2687
2357
3377
1567
2393
2257
1643
2470
2123
2166
2043
3009
2134
3454
1732
3188
2654
2107
2533
2460
2112
2288
4255
3066
1960
1978
3885
3004
2432
2859
2642
2674
1727
2148
1745
1692
2139
2131
1902
3097
1970
2262
2796
2726
3078
4107
2126
2796
2401
1545
2728
2155
3615
2481
2546
2326
3631
1846
2340
2800
2566
2370
1895
2739
3727
2555
2624
1712
2491
2645
1619
2186
2015
2661
2771
3352
2313
1769
2476
1953
2153
5152
2343
1791
2744
1960
1662
2767
4065
3233
2758
2115
1677
2163
1988
1878
3572
1590
2478
1879
2671
2376
3214
1843
3115
2089
2514
2329
2931
2480
2806
2211
2459
1524
2209
2026
2396
3218
2485
2145
1972
1871
2452
1719
1762
2543
1786
2174
2115
2218
1731
3240
4213
2190
1699
2346
2632
2125
2117
2016
1743
3379
2359
2845
2256
1829
2075
2068
2221
2336
2506
2518
2873
2420
2346
2084
2066
1921
1384
2225
2165
2262
2227
3065
1871
1987
2520
1267
2042
3026
2954
2832
2615
3105
2233
2196
2098
1606
3721
2528
2115
3366
3079
2496
2938
1921
1216
2021
2371
1747
2239
2097
2490
1951
1705
2120
2069
2296
2415
2004
2959
2096
2107
2136
1662
1953
2258
2132
2916
2869
2153
1600
3372
3335
2109
2108
2539
2344
2116
2403
3058
2253
1384
2543
1925
2028
2741
2512
1897
2057
4515
2587
2472
2116
2450
1630
2244
2343
3681
2048
2229
2209
2350
2728
2159
2084
3213
3411
3030
2388
2413
2763
1987
1871
2476
1935
2166
1926
2430
1974
1802
3375
3360
2686
2094
3486
2231
3443
3430
1979
2618
2342
1952
3065
1722
3155
2017
2139
3065
1853
2054
2944
2675
3708
2411
2969
2320
2091
2667
1936
2962
2370
3039
2196
1597
3291
2036
2282
4014
2609
1572
3615
2751
2581
1955
2824
2332
3860
2189
2012
4487
1759
3791
2345
2352
1700
2122
2480
2200
2013
2474
2541
2988
2202
1987
1885
2505
1715
1906
2086
4385
2012
1848
2567
2727
1455
1744
2304
2896
1793
2057
1975
2120
2916
3018
2243
3740
3056
1911
2274
2513
2288
2454
2325
2333
2185
2027
2849
1973
2046
1691
1728
1562
2385
2064
2564
3827
2754
1830
1958
2471
3684
2886
2066
2279
1724
2298
2449
1926
1962
1522
2851
1945
2783
1902
2458
1743
1921
2249
2075
2778
3016
2156
2823
2623
2735
3082
1899
3833
4500
3618
2529
2781
1849
2274
2056
2408
2463
2417
1941
1797
5120
2789
2723
1983
2071
1885
2564
2690
2146
2654
2579
3334
1899
2445
2087
2472
2071
1902
1920
2714
2919
2457
2957
2391
2749
2625
2548
3105
2419
2031
2178
2823
2160
3483
1786
1930
2223
1627
3090
2494
2245
2563
2882
1809
2201
2287
2967
3050
1789
2501
2419
2602
3146
2122
3317
2992
1940
3844
2727
2488
2101
1748
2640
2995
2405
2666
2361
1999
2690
2896
2415
3877
2755
2326
3253
2147
1812
1358
2106
3092
2521
2767
2198
2931
2260
2303
2005
2061
2157
1874
1993
1271
3220
2141
2269
2242
1628
3541
2811
2452
2164
2096
3496
2037
2380
2208
2937
2037
3071
2285
2754
2254
2044
2861
1678
2967
1864
2394
2090
1912
2438
2158
1823
2247
1999
2301
1764
2407
1844
3114
1776
2952
1944
1659
2537
1783
2434
2112
2807
2867
2207
2904
2092
2334
2154
2618
2495
2937
2133
2033
2533
2623
1962
2936
2556
2403
3103
2372
4785
2730
3040
4253
2675
2236
1851
2480
1933
2323
2556
2227
1976
1933
2514
2356
1533
1637
2360
1397
2716
2753
2837
2201
1896
2122
2881
2740
2222
2843
2507
2438
2638
1538
1888
1854
2118
1973
1469
2133
2438
1737
1957
2419
2003
2660
2456
2881
2435
1678
1696
2033
1927
2264
2762
2455
2996
2842
1635
2042
2231
3999
2281
2782
2402
3263
2710
1810
2197
2502
2620
2259
3223
1959
2586
2597
5245
2541
1922
2515
2579
2201
2065
2730
1770
2073
2182
2843
1751
2611
4197
2290
2657
2628
1977
3225
2054
2549
2105
2074
2441
1715
2341
3137
2229
2018
2078
2458
1633
2345
1989
3274
2408
2031
2533
2497
1953
2695
2250
1548
3641
1841
2215
2214
2340
1794
2640
2436
2425
1884
2032
2032
2287
2302
1388
1916
2741
2601
1965
1859
3140
2753
4462
2346
1968
1403
2430
2584
2258
2473
2616
1854
2169
1595
2763
2451
2767
2032
2260
1665
3261
2393
3022
2830
2898
1765
2064
3499
2221
1835
3278
2703
2889
2124
3346
2541
2627
1620
2356
3565
2763
2815
3373
2894
2598
2805
3541
1937
2694
2954
3138
2074
1656
2786
2151
3084
4283
2060
2499
2831
2616
2858
2349
1978
1554
4678
2554
2260
2424
1796
2401
2586
1948
2225
2652
2230
3381
3444
2722
1648
2973
2824
2308
2793
2277
2670
2762
3623
2168
2709
2363
1823
3385
2456
1802
1893
2457
2236
2457
3199
2181
2799
2269
2366
2395
2247
1670
1932
2973
2126
2453
1883
2405
1940
2323
2000
2274
3726
1867
2002
2009
2106
2205
3253
2343
1863
2329
3208
1624
1960
2639
2855
1534
2501
2689
1633
3355
3445
3411
3178
2278
2954
3393
1833
1888
1817
1939
2238
2489
2817
1644
2382
2268
2070
2863
4981
2933
2533
3170
2776
1915
1803
2765
2731
3639
2087
3065
2008
2020
1992
2214
2314
2183
1503
1549
2353
3765
1702
2462
2291
2994
3421
1956
2544
2111
1903
2131
2048
1981
2612
2154
3086
2371
2075
3384
2926
2088
2170
1943
1991
1993
2505
2131
1843
2289
1940
1820
1801
1953
2433
1816
2591
1534
1838
2236
2565
3499
3479
2597
2395
2054
2320
2403
2135
2324
2164
2373
1476
2197
1997
1818
2324
2716
3705
3211
2035
2790
3075
3728
1533
2580
3024
2362
1893
2575
2043
1652
2318
1965
2158
2534
2317
1803
2182
2440
2667
2333
3648
2139
1981
2580
3745
1901
2240
3741
1943
2553
2102
2138
1858
4055
1517
2625
3086
2830
2674
2884
1781
1946
2923
1935
2026
2106
2203
3874
2801
2913
1786
3017
2624
2312
2560
2396
4238
1867
2530
1591
2853
1922
2091
2587
2172
3013
3006
1973
2886
2770
3065
2438
3123
2465
1904
2510
2879
2541
2669
3848
3035
3147
2581
2054
2682
2241
3043
3422
2252
2009
2087
1564
3225
1530
2656
2437
2725
2526
2151
2236
1301
2920
2178
2200
2950
1839
1973
2273
2586
2322
2229
2636
3824
1507
1634
2977
2670
2251
2052
2926
2614
2180
2297
1546
2037
2278
1952
2837
3711
2790
1716
2174
2093
1824
2627
2219
2107
2026
2344
2007
2477
2160
1832
2337
2641
2250
2354
2294
1898
1802
2752
1953
2323
2833
2958
2171
3788
2999
2743
2662
2073
1681
2289
2386
2706
2691
3086
3412
3229
2649
2854
2546
1668
2692
2540
2463
2613
2292
2137
2134
2916
2075
1832
3313
2323
1761
2767
2851
2441
3582
1925
2488
2232
3290
2264
2045
3099
1955
2144
2220
1912
2388
1957
1913
4086
2376
2561
2227
1840
2043
3711
3445
2216
2768
1880
2908
2193
2383
2463
2436
2034
2398
2211
1984
2224
2114
1695
1809
2029
2178
2511
4121
2742
2165
1932
1920
2669
1983
1843
1729
2015
2882
3389
2766
2193
2337
3873
2574
2946
1907
2883
2911
1463
2221
1443
3871
2309
2224
2245
2371
1934
4661
2271
1917
2752
3053
2728
2053
2367
2460
2582
2110
3678
1999
2555
2210
1992
1373
2015
3046
1527
3384
1650
2736
3325
2255
3686
2234
2828
2435
3420
2184
2021
2439
2620
2641
2227
3656
1904
3105
3030
3221
2748
1967
2574
2788
2127
2326
1808
2775
3059
2185
3112
2268
2029
1717
3305
2329
4224
2887
2594
2004
2174
1925
2570
2498
2148
2245
2182
2325
2290
2274
2051
2541
3318
2099
2237
2288
2582
2170
1769
3011
2388
1820
1930
3477
1939
1359
2742
2975
1831
2309
3686
2596
1844
2730
2952
1607
3118
2658
2306
2624
2540
3238
2645
1894
2651
3137
3748
1519
2056
2356
3775
2068
2722
2736
2214
2443
1802
2482
2185
2236
2034
2090
1905
3549
4081
2775
2595
2529
1906
2192
3128
3154
2257
2343
3091
2599
2692
5330
2643
2147
2818
2041
2572
2486
1942
3280
3303
1769
2384
3005
2386
2080
3227
3142
2876
4694
1578
1985
2372
2043
2527
2089
2363
2472
2683
2777
2367
2400
2933
1813
2988
3225
2958
2020
2569
3210
3071
3084
2911
1483
2235
3339
1579
2291
2462
3038
2570
2222
2207
2408
2879
2426
2496
2737
2043
1874
1933
2279
2513
1588
2735
3694
2741
2080
1998
2359
3722
1642
1592
2453
2272
3073
2474
2326
3572
2034
2116
3201
4217
1414
1699
2795
2863
2630
1895
2608
2448
2737
2396
2216
2125
1944
3346
2027
2289
2181
3461
1268
2180
3039
3041
2125
2218
2862
2429
1921
1941
1869
2939
3375
1840
2667
2159
2474
2410
2081
3839
1971
1957
3338
1279
1671
2937
2927
3494
1991
2948
2829
2183
1886
2255
2391
2298
2146
2831
2550
2394
2542
2192
2380
2545
2284
2714
2400
3294
2339
1758
1954
1540
2319
2911
1830
1968
2607
2729
3733
2830
2284
2161
1718
1756
2892
1727
1692
2649
3401
2056
3218
2023
2179
2923
1828
2235
2599
3187
2513
2292
3893
2675
3392
3983
1273
3180
2744
2003
2005
3724
2049
3562
1744
2595
3554
1982
2180
4065
2327
2282
2480
3178
2588
2399
2078
2139
1669
3398
2571
4091
1549
2340
2086
1888
2378
2213
3262
2120
2413
2892
2514
2442
2112
3196
2569
3845
1638
2157
2239
2162
2457
1880
2740
2921
2567
2745
2402
1840
1616
1970
2848
2688
2313
1614
1920
2390
2117
2305
2228
2419
1924
2424
1775
1743
2278
2445
1651
1941
2745
4232
2428
2427
1977
2115
3502
2562
2183
2103
2891
2437
1657
3542
2389
2736
2906
2173
2328
2522
2845
1422
2860
2454
1721
2046
3195
2783
2146
1993
2314
1844
2161
2310
2030
2226
2394
2356
1717
3206
1684
2089
2845
1908
2221
2367
2585
2566
2185
3688
2288
1891
4118
2645
2602
1704
2824
2134
2402
2075
1688
1879
2731
2692
2726
2899
2701
2993
3400
2103
2064
1990
2355
2250
2397
1760
2831
2976
2055
1979
4049
2620
2345
2366
2012
2321
3397
2443
2234
2366
2762
1796
2648
1521
2165
1872
2665
2368
1997
1421
2613
2785
3404
1802
2976
2216
2027
1976
3979
1958
2484
2523
1401
2230
1981
2202
1923
2090
2060
2590
3815
1719
3488
2818
1999
1980
1799
3354
2476
2631
1651
2552
2658
2028
2812
1880
2288
2636
1998
2004
1847
1999
2469
1605
2137
3408
3259
2591
2020
2534
3142
2617
2313
1472
2436
1480
4511
3216
3697
1842
2704
1846
2948
1521
2141
3271
2182
1918
2326
3342
3306
2893
2287
2957
1932
2992
2547
1984
2160
2534
2548
1935
1605
2551
2104
2777
2641
2638
1871
2565
2185
3107
2237
2561
3591
2091
1906
2084
2589
1885
2801
1909
2019
1874
2851
2010
1799
2193
2042
1904
2715
1587
1868
3680
2810
4518
2475
2112
2137
2248
5110
2056
2244
1920
2112
1658
2062
2448
1851
2797
2193
2465
2605
2349
2697
2958
3265
1668
3120
2505
2087
1985
2682
1902
1450
2971
2632
2249
1798
3037
2744
1759
3516
1955
2245
2163
2264
2454
2374
1773
2901
2076
2713
1930
1960
2397
2138
3559
2741
2309
2291
1998
2390
2442
2497
2234
2878
1993
2964
3038
1608
2543
2857
2817
3089
2825
2533
2433
3793
2396
2430
2816
2937
2355
2475
2166
2735
2374
1863
2025
2424
2200
2968
2054
2754
2748
2046
1979
1509
2144
2328
2051
2223
2649
2102
2376
2072
2815
2803
2463
3239
3229
2262
2208
2201
2445
1966
2043
1860
2101
2285
2673
1734
2704
2187
2040
1568
1843
1925
2446
1983
1611
1995
2231
2019
2319
2532
2520
1940
2076
2122
1806
3859
1996
2380
2157
1982
2288
2790
3328
2248
2708
1783
2586
1729
2591
2210
2357
3601
2063
2302
2905
2303
1689
2396
2946
2857
3050
2265
1962
2409
2112
3883
2823
2362
2087
2808
1718
1923
2603
2253
2250
2155
2140
2934
2704
2114
3404
2470
2395
3596
1905
2826
2474
1742
2124
3297
2296
2143
2170
1645
2618
2883
2859
2899
3145
2360
1956
2120
2427
1715
2689
2372
1819
1710
4805
3129
1967
2216
2652
1954
2465
2824
1968
2424
2255
2089
3001
2513
2045
2184
3616
1480
2361
1324
2333
2270
2353
2524
3300
3068
2459
2491
2306
2811
1747
1904
2743
2586
1805
2574
1932
2235
2417
2879
1839
2713
2726
3599
2999
1714
2178
1879
3261
3524
2123
2298
1562
3012
2123
2977
2709
2453
2862
3518
2937
2558
2061
3402
2538
1757
1798
3886
2456
2348
2635
2750
2312
2697
2657
4261
2418
2449
2702
2251
1739
2046
1721
3231
2953
1738
2535
3276
1969
2427
2599
2337
2028
2119
3817
2817
2285
2939
2488
2239
2096
2281
4012
2764
1621
1756
2282
2104
2529
2917
3209
1948
2533
1946
1893
1950
2315
1814
2667
2805
1142
3847
2841
1617
2606
3171
3902
4384
2572
3012
3637
2705
3287
3046
2661
2558
2201
2184
1710
1559
1990
2286
2543
2341
2198
1963
2845
3197
1947
2161
1809
3520
2377
3698
2111
2563
2472
2395
2032
5932
3282
1664
1680
2454
2732
2350
2328
1764
2378
2429
1537
2194
2656
2344
2272
1823
1972
1875
2493
2529
2070
2053
2287
2468
2470
1703
3045
2508
1476
2962
3493
2698
1716
2372
3024
1884
2283
1836
1680
2595
3276
3274
2532
2189
2456
2613
2048
2156
2364
3471
2273
2139
2179
3271
2855
1564
2194
3386
1723
2704
2274
3166
2452
3129
2587
2211
4004
2219
2730
2337
2663
2724
4877
1997
1967
1633
2091
2250
3083
2434
2106
2725
2925
1971
3809
1989
2957
2333
1688
1696
2611
1763
2432
2037
2466
3055
2140
2228
2015
2611
2145
1785
2016
2759
2928
3316
2952
2182
2728
2956
2162
2753
2733
2414
3414
2962
2185
2839
2081
2251
1387
1875
2124
2795
2103
2453
3083
2501
3303
2594
2762
2651
3474
2078
2282
1870
3185
2504
2576
2491
5471
1377
3856
2853
1971
2347
2637
1937
3180
2081
2131
1977
1826
2652
2255
2012
2490
2150
2489
2480
1481
3264
2103
1266
1642
2057
1550
2430
2809
1746
3155
4629
2277
3623
2326
2195
1686
2084
2310
3292
2274
1325
2533
1773
2130
4399
2918
3588
2227
2874
1737
2340
1879
2883
2965
2426
2049
2485
2629
1810
3232
2250
3112
1919
3207
3160
1577
3783
3582
1694
1872
2420
2011
3933
1712
1835
1369
2182
3454
2530
2756
2983
2453
2289
1954
2795
2868
1966
3022
2963
1943
1950
2178
3797
2464
2932
3433
1921
2183
2577
2044
3423
1546
2175
2553
2211
2571
2310
2498
2195
2284
2828
5072
2002
2436
2822
3467
2438
2548
2123
1979
2671
2124
2167
2678
1933
3463
2806
1857
1648
2949
2485
2201
1957
1917
2248
2155
1486
1929
2223
2052
2828
2196
2750
2011
2193
1647
3278
3014
2295
4460
2663
2109
2396
1908
2460
2854
2981
3377
2600
2608
2600
2175
2484
2049
1619
2728
2879
1543
2001
1977
3248
2668
2380
2631
3093
2883
2903
3036
2657
1771
2335
3540
2195
2101
2533
2008
2224
2367
2334
3832
1701
3165
3908
2161
2504
3456
1905
2515
2417
2642
2079
2660
2684
2582
2260
1914
3038
2209
3052
2275
2936
2701
2086
2296
1875
2966
3399
1829
1149
2329
2743
2159
2199
2239
2106
1879
2219
2325
2773
2319
2304
2167
1735
3433
2336
2184
3110
1742
1603
3573
2066
2766
2238
3756
2458
2835
1878
2877
2388
4893
2105
2881
2873
2387
2921
3630
2451
1974
2035
2843
2826
2217
4186
3772
1794
1912
3018
1780
2487
2371
1914
2482
2001
2296
2633
2165
2376
2210
2811
1977
2213
3240
2374
2048
2397
2842
2897
2778
2667
2469
1980
2290
2681
1989
2048
1820
2028
2833
2987
2350
3291
1834
2302
2549
2277
2503
2451
2649
3471
1876
2575
4143
1807
1638
2393
1867
2395
2685
2387
2866
2997
1953
1816
2430
1942
3470
2680
2217
1982
2847
2819
3214
2583
2071
1870
2123
1279
2579
3116
2429
2197
2334
1450
2733
2726
1696
5256
2250
1971
3139
2271
2488
2581
2220
2529
3041
2818
1482
2201
2589
1580
2267
3498
2233
1803
3537
1551
2260
2210
2973
2085
2532
1327
2328
3250
2033
3018
1886
2182
1983
2273
1709
2627
1575
3243
2965
2970
2718
2360
3575
2493
1987
1983
2679
2614
1472
2087
1573
2072
1895
2212
3797
2523
1651
3651
2179
3316
2693
2655
2481
2488
3875
2563
2274
2187
1645
2674
2024
2677
2669
2728
2551
1511
1939
2907
3991
2120
1933
2637
2091
2757
2057
2298
2474
1729
1968
2199
2503
2334
4467
3244
2573
3555
2440
1893
2117
2791
1654
2044
3241
2904
2295
2598
3304
2482
2609
2392
1937
2507
2797
1949
1902
2612
2139
2321
1858
2695
2776
3608
1648
2047
2847
2369
2639
3097
2383
1809
2512
2480
2226
2439
2537
2815
2135
2800
1709
1990
2696
2710
3764
1969
1981
2007
3130
2097
1859
2758
1809
1491
2790
2359
4531
1631
2094
1987
2353
2257
2479
1977
3269
1960
3086
2453
2242
3850
2916
1923
2315
3272
1732
2995
2118
1638
2405
1523
2547
2959
2161
2263
2201
2139
3205
3751
2954
3237
2147
1924
4071
1720
2751
2432
2416
3312
1830
3488
1470
3180
2258
2970
2518
2249
2071
3763
2428
3843
1956
3361
2115
2332
2794
3251
2442
2380
1988
1407
1731
2989
3139
3123
2119
2464
2957
1444
2276
2434
3232
1907
3861
2986
3075
1943
1710
3254
2797
3180
2236
2531
2723
2699
2528
3578
2228
2749
2241
2105
3605
2146
1811
2492
2858
1969
2763
2429
1836
2363
2286
1708
2505
2712
2070
2962
2086
2433
2214
1892
2475
2989
2864
2153
2459
2126
2105
2683
2495
1812
2203
2156
2817
2404
2661
3117
2154
2308
3440
2043
2094
3674
2552
2540
2730
1513
2696
1644
2096
2105
3242
2376
1744
2398
1687
2958
2223
2881
2430
2363
2320
4246
1860
2521
1829
2398
2269
2499
2667
2370
2463
2462
3246
2127
1962
1985
3095
2810
2065
1976
1995
2364
4190
2406
3089
2342
3092
1825
2708
2152
2390
1912
2844
2137
1828
2922
1454
2395
1878
1643
1905
1868
2422
2169
1667
1631
1984
1793
1843
3449
2622
2171
2228
2641
1829
3183
2628
2431
3256
2001
1983
1843
3196
3818
4591
1948
3031
1865
2375
3274
2165
1865
1691
2821
2957
2165
2995
2697
5533
1768
2604
2513
2226
2072
2151
2696
3590
2557
2963
1771
1795
2310
2470
2749
2355
2925
1949
2476
2910
2205
3153
2444
2498
2072
1913
2030
2337
2257
1381
1867
1724
2489
1787
2886
1879
4461
2461
1840
1995
2502
2675
2297
2443
2030
2412
2392
2628
2649
2917
2639
1711
2115
2257
2128
2188
2060
3420
2461
3019
1738
1352
1728
3510
2119
3270
1551
1454
2271
2219
2992
1794
2482
2048
2150
2801
2555
2940
2247
2850
2234
2403
2093
1465
2297
3476
2922
1814
2607
2199
2916
2653
2756
2506
2102
2029
2769
3324
3193
2312
2624
2859
3056
1727
3903
2153
1511
1927
2519
2777
1727
2416
2410
2181
2767
2758
3574
1429
2158
2702
2157
3929
2723
2287
2536
2699
3064
1708
2793
2896
3173
2061
2847
2331
2242
4384
2588
2147
2275
2388
1674
2065
3794
2247
2499
1932
4551
2107
3409
2368
1585
3262
3226
3900
2820
2026
1780
2964
2673
1881
1850
1690
2364
3404
1756
2959
2605
1888
2330
1725
2126
5580
2793
1892
2497
2833
2466
1865
2494
1894
2008
2040
2075
3515
1783
2023
2756
3613
1797
2351
3357
1901
2121
1730
3707
1932
2833
3344
1738
2565
1951
1908
2318
2651
3069
1975
2582
1617
2392
1772
2379
2021
2991
2709
2183
2072
2474
3425
1961
3979
2314
2269
2572
2104
2690
2194
2462
3253
2150
3441
3075
2448
3267
1506
2453
2903
2871
2266
3356
1820
2964
1882
2940
1850
2297
2231
2637
3573
2120
2425
3770
1783
1954
2854
2336
2240
3170
2415
3193
1770
2921
3295
2694
1802
1976
2546
1932
2050
2387
2340
3036
2074
1901
1846
1837
2164
2580
3034
2304
3262
2221
2646
1748
1881
2777
2141
3037
3007
2402
1832
2390
2029
2832
3290
2946
2204
3562
2030
2022
2681
2975
1739
2639
3123
1871
2041
2041
3158
2726
2153
1471
1650
2857
1667
3481
1958
2452
3240
2232
2300
4521
3317
2859
1761
2016
2813
1911
1810
2581
3621
2183
1691
2379
2440
1811
2279
3009
4842
3004
1291
2371
2552
2657
1914
2105
2420
3031
2095
2871
1785
2111
2072
2054
2061
1691
2343
1790
2661
3093
1646
1876
2043
2406
2374
3405
1935
1960
3114
2463
2171
1692
3784
2226
2177
2913
2264
2135
2258
3145
1646
3301
1913
2140
2176
2659
2702
2206
1913
4024
2412
1859
2337
2236
2861
2446
2863
1655
2327
2742
2051
2225
1423
2559
1960
1861
1686
2219
2533
2107
2614
1755
2535
1738
2555
2156
1782
2320
2416
2677
2037
2269
1995
2445
2358
3481
2763
2189
1880
3070
1917
2929
2614
2348
2721
1747
2371
3631
2909
2611
2639
1841
2591
3209
2824
2219
2428
3068
2679
3607
2875
1316
1703
2330
3171
2004
2454
3029
2293
3067
2253
2193
2642
3882
2658
1535
2806
1986
2883
2374
1697
2926
2418
2703
1994
1994
2105
2756
3524
2694
1735
2211
2072
2776
2263
2333
2441
1813
1828
3058
1912
2180
2374
1914
1824
2925
2818
2302
2058
1571
2394
2445
2225
2968
2699
2102
2628
2051
3110
1981
1790
2026
2176
1696
2501
2279
2254
2782
3121
3214
2499
2969
2378
3712
2565
1767
3162
3350
2530
1869
1729
2969
2538
2414
2139
2209
2406
2926
2178
2620
2223
2608
2116
1952
2250
2371
2904
2158
2378
2662
2920
3443
2422
3064
3215
2949
2911
2038
1461
2134
3319
2711
2619
4288
3361
3465
1925
1902
2704
1941
2414
3548
2177
2556
2329
2138
1687
2736
2382
2721
4039
2479
2622
2084
2811
1612
2263
2806
2373
3521
2461
2417
1806
2707
1669
2093
2038
1689
1795
2020
3448
2239
2091
1503
2214
2048
2472
2731
2700
2425
2365
2565
2326
2462
3007
3373
2961
2414
2133
2285
2501
2728
2246
3217
2500
2497
2897
3155
3740
1668
1928
3005
2879
4075
2217
2857
2161
2286
1947
2239
3527
2032
2403
2404
2156
1554
3582
2273
2653
2243
2696
2052
2810
2489
1840
3467
2988
2641
1725
3691
2953
2010
2711
2009
2285
2576
3298
2256
2268
2416
1739
2845
2196
3566
2232
2436
2719
3550
1654
2043
1972
1676
2687
2813
2585
1358
2076
2419
3144
2561
3085
2105
2542
3095
2421
2824
2807
2703
2687
1605
2349
2373
2659
1769
2237
2651
3065
2353
2301
3349
2304
3261
2000
4257
2533
2227
2107
2727
3500
2905
1683
1787
2736
2745
2889
2675
2477
2414
1772
2596
1562
3491
2707
1664
2084
2612
3105
3123
3366
2605
1204
1714
2818
2384
2421
1792
2074
1650
2025
3655
2988
2465
2570
3809
3108
2541
2502
2405
2033
1953
2417
2027
1981
3033
3248
2828
2401
3023
2113
1716
2339
2813
1861
1740
4688
2541
2653
2097
3949
2500
2143
2028
2447
4001
2466
2064
2527
2481
1978
2831
1450
2070
1887
2984
2049
2406
4069
2052
3290
2773
2096
1956
2402
2255
1938
2650
2312
2104
2769
3079
2762
1565
2396
3266
3326
2974
1824
2727
2475
2032
2878
1773
1931
2347
2560
2360
1993
1911
2293
2530
1775
2174
3060
2179
3100
1942
2766
2575
2393
2140
2253
2509
1699
1797
3155
2831
2318
2789
3157
3790
3022
2143
2301
1782
1917
2276
1735
2796
1608
2123
3107
1493
2765
1503
1910
2216
2863
2631
2475
2544
3183
2567
3627
2888
1646
2114
2489
2415
3136
2388
2406
1951
1687
2520
2929
2822
2173
2267
2007
2500
2036
2557
1714
1690
3084
1449
2175
2291
3218
2339
2123
2241
2286
5446
2876
3848
2836
1413
2776
2057
1705
2602
1786
4151
2018
2655
1948
2597
2162
2531
2606
1494
3542
2674
2176
1800
1756
1933
2188
1860
2725
2619
2285
4487
2294
2268
2341
2604
2922
2332
2481
2057
2166
1891
3911
1847
3493
2629
2443
2520
3091
1487
2433
2757
2029
2339
3751
3262
2713
2766
2073
2858
1146
2205
5009
1832
2845
3544
1877
2785
3061
1819
2142
2502
2146
2241
2866
2056
2725
2867
2322
1877
2376
1963
2181
2606
2575
3437
1661
3064
2115
3265
2836
1847
2131
2066
2694
2512
2486
1924
2763
2575
2285
3385
1974
4986
2588
3948
2467
1907
1861
2103
1841
2706
2810
2130
1734
2379
2364
3037
2709
2680
2307
2689
2175
2445
2363
2057
2581
2275
2632
3065
3468
2231
1594
2245
1747
2810
3028
5103
4328
2436
1539
3004
3685
1607
2465
2124
2805
2462
2403
2570
2779
2658
1855
2493
2525
2380
4861
3924
2552
1803
2802
2483
1737
2457
2259
2558
1880
2696
3444
2460
3004
2151
1804
2338
1969
1445
2069
1896
1713
2761
2056
2410
2956
1834
1629
2491
3396
3195
1714
2709
2015
2565
2429
3064
3111
2789
3562
2484
1700
2555
1793
2262
2057
1760
2101
2340
2218
1606
2367
2177
5691
2961
3149
2939
1876
2528
2372
1528
2114
2731
1777
3177
1877
1488
2860
2737
2343
2346
2254
1923
2295
2489
1887
2468
3354
2032
1552
2758
2632
2316
2021
2746
1843
2599
2021
1806
1933
2336
2897
2137
2504
2184
2729
2141
2609
1924
2666
2534
1936
3189
2375
1981
2207
2078
1804
1757
1980
1833
2075
2937
1723
1891
1810
2764
2053
2760
1799
2020
2493
2432
1970
2077
1774
3451
2273
3217
2642
2867
2501
2592
2654
1906
2791
2416
1932
2178
2461
2578
3095
4590
2206
2192
1795
2505
1543
2228
2440
1886
1987
2427
2024
1731
3653
1770
2174
1778
2426
2453
1946
2855
2229
2955
2115
3190
1458
2674
3112
2169
2396
2493
2647
1993
2654
4027
1733
2800
2913
1461
1678
2915
2405
3026
2214
2223
2971
1934
2763
2265
3240
3328
1960
2261
2357
4837
1690
4381
1592
2802
2291
2917
2056
1800
2026
3554
2151
3301
1934
2186
2952
3065
1554
2679
3557
2079
2191
2630
2640
2155
2927
1822
1808
2661
2531
2740
2015
1605
1931
1595
1488
3505
1803
1702
2727
1921
2393
1891
3289
2689
2036
1609
2697
1719
2446
1828
2055
2356
2500
3371
2089
2162
1425
3678
2815
2173
3139
2877
3297
4113
1839
1938
3180
1951
2628
2296
3194
2575
2339
3091
1781
1806
1733
2991
2270
2277
2455
2767
2416
2882
2438
1561
2066
2667
2375
2528
2222
2108
3036
1590
1547
3040
2030
2920
3621
2164
3266
2442
2562
1737
3234
2159
2892
2961
1960
1710
1909
3085
1739
1795
2532
2420
2947
2960
2750
2553
1747
2192
1476
2566
2357
2479
1820
1934
1953
1670
2641
2433
2277
2648
2128
1586
1837
1974
2283
2221
3254
2496
2009
4397
1713
2495
2768
1930
2219
2350
2761
2198
2603
2861
2558
3554
2802
1589
2438
2427
1949
2180
1985
3163
2847
2944
2212
3036
2907
1829
4475
2477
2338
1810
2098
3559
2360
3067
5007
2020
2305
3618
2308
2466
1819
1880
2177
1624
1916
2111
2762
3819
3037
2889
2306
2776
1946
1687
1866
3656
2322
2690
2136
2096
2272
2613
2384
4297
2892
3083
2860
3644
2568
1978
2095
1889
7253
2871
1847
2661
2958
2063
2112
2439
2981
3094
1672
2228
2621
3690
2161
2481
2212
3204
2688
3276
3175
1959
2553
3060
2256
2824
3370
2629
1995
2318
1897
1947
2549
1883
2682
2048
2098
1823
1997
2446
2737
2195
1742
3065
2297
3423
2334
2758
2582
1954
2623
1547
4077
2372
3901
3037
1924
2156
3392
2894
2067
2930
2533
2383
2361
2579
2646
2215
2388
2199
2964
2021
2299
2151
2512
2133
3772
2412
2255
2234
1932
2257
2381
2773
3549
2474
2660
2395
2640
2606
2521
2537
1902
2036
1947
2314
1877
2938
3283
3223
1981
2135
2102
2134
2517
2351
2202
2005
2993
2774
2133
1840
2311
5295
2051
2978
1908
2696
2732
2311
2132
