0.000360942  0.00042671  -0.00026393  -0.00580935  -0.0717896  -0.0771584  
0.000465301  0.000243626  -0.000295885  -0.0159795  -0.0717925  -0.104569  
-0.000261591  -0  0  -0.0110507  -0.0113294  -0.0435841  
-5.02114e-05  -0  0  0  -0.0973176  -0.043575  
0.000264142  5.5424e-05  0  -0.0152516  -0.164354  -0.0695889  
0.000325172  -0  -0.000333315  -0.0167325  -0.0461923  -0.0782133  
0.000306211  0.000448729  0  3.25003e-05  -0.0440455  -0.0533592  
-0.000440356  -0  -0.000104432  -0.0110823  -0.00160572  -0.0435335  
0.000320942  -1.31509e-23  -0.000242591  -0.0274103  -0.186223  -0.0852009  
0.000545396  0.000154712  -0.00044138  -0.00812862  -0.0778353  -0.0899538  
0.000190797  0.000341719  -0.000302108  -0.00861221  -0.0116228  -0.0692671  
-0.000110505  -0  0  -0.00741805  -0.010172  -0.0363423  
0.000463813  -0  -0.000290292  -0.0122333  -0.183191  -0.0905228  
0.00049837  -0  -0.000402692  -0.00912194  -0.0485595  -0.0895207  
-0.00015833  -0  -6.8281e-05  -0.00605678  0.0276686  -0.0335358  
0.000236975  0.000405842  0  -0.0199458  -0.117343  -0.0669403  
0.000724614  -0  -0.000289613  -0.010502  -0.148317  -0.0786322  
0.000393837  0.000441163  -0.000446394  9.43605e-05  -0.0340468  -0.082277  
0.00100784  -0  -0.000434069  -0.0158845  -0.0634561  -0.136756  
0.000740409  0.000355487  -0.000454324  0.0100075  -0.0505191  -0.078481  
4.28879e-05  -0  0.000154327  0.00259029  -0.0090951  0.0207611  
0.000497418  0.000332477  -0.00011735  -0.0190021  -0.230881  -0.0532805  
0.000622105  0.000251079  -0.000454324  -0.00835325  -0.0642329  -0.108326  
0.000872269  8.38665e-05  -0.000454324  0.000790058  -0.00415273  -0.0300254  
0.000139773  -0  -0.000320213  0.00308422  -0.0231492  0.0280754  
0.000726497  0.000446968  -0.000598458  -0.00401589  -0.247034  -0.0989979  
0.000537105  0.000337806  -0.000107555  -0.000258022  -0.0241034  -0.0947991  
-6.30784e-05  0.000165858  -0.000107555  -0.0107963  0.00412358  -0.0208585  
0.000481998  0.000520266  -0.000457899  -0.0183178  -0.205673  -0.0687555  
0.000720273  0.000732061  -0.000544252  -0.000938454  -0.0801771  -0.132896  
0.000494339  1.16611e-23  -0.000107555  -0.00105586  -0.0379484  -0.0761681  
0.000681899  0.000522231  -0.000254147  -0.00946598  -0.0737285  -0.0631804  
0.000571516  0.000451134  -0.000649877  -0.000943157  -0.0992007  -0.0876874  
7.71705e-05  0.000383844  -0.000532788  0.0081332  0.0196392  -0.0147039  
0.000670503  0.00020784  -0.000532788  -0.00587074  -0.190352  -0.105724  
0.000308127  0.000574913  -0.000654412  -0.00353693  -0.0241559  -0.0440309  
0.000524035  0.000534286  -0.000532788  -0.00169701  -0.0274028  -0.0436682  
0.000732185  0.000493127  -0.000532788  0.000751854  -0.227026  -0.0839793  
0.000732189  -0  -0.000532788  -0.0142803  0.044491  -0.0262989  
0.000529999  0.000557682  -0.000300706  -0.0143324  -0.0861592  -0.0235277  
0.000617531  0.000599177  -0.000532788  -0.0142609  -0.121688  -0.050734  
0.0003763  0.00077922  -0.000532788  0.00667838  -0.0336287  -0.0527095  
0.000322547  0.000515531  -0.000532788  -0.00207114  -0.0798304  -0.0471832  
0.00010592  0.000586865  -0.000532788  0.0115402  -0.0701637  -0.0895022  
0.00010592  0.000604132  -0.000532788  0.00335898  -0.0171909  0.00807487  
0.000253627  0.000547129  -0.000532788  -0.00231885  -0.162162  -0.0577582  
-0.00034558  0.000567876  -0.000611914  0.00456274  0.0166897  -0.0228541  
0.000596403  0.000624295  -0.000532788  -0.00362444  -0.182166  -0.0641645  
-6.29735e-05  0.000409203  -0.000532788  0.000441485  0.0445995  -0.0276291  
0.000647317  0.000690026  -0.000532788  -0.00556381  -0.204982  -0.103422  
0.000343073  0.000763575  -0.000539123  0.00316556  0.015882  -0.0488946  
0.000534943  0.000400981  -0.000471348  -0.0122305  -0.133745  -0.0588669  
-4.42012e-05  0.000741953  -0.000550079  -0.00630216  -0.0652192  -0.0465954  
-0.000173103  0.000878319  -0.000704522  0.00019931  -0.0412252  -0.0318661  
2.51664e-05  0.000935886  -0.000704522  0.00459461  -0.0860811  -0.0763036  
-0.000239867  0.000608644  -0.000539599  -0.00088446  -0.0208682  -0.0860572  
-0.000115076  0.000411311  -0.000625425  0.00877607  -0.0376321  -0.0381536  
-0.000456004  0.00126322  -0.00103086  0.00625357  -0.113508  -0.105628  
-0.000989164  0.00115729  -0.0011332  0.0114134  0.0148752  -0.0705977  
-0.000841999  0.00166084  -0.00154408  0.0244552  -0.134275  -0.118568  
0.00070361  -6.5162e-05  -0.000319839  -0.0134229  -0.0415181  -0.118999  
0.000343228  -0.000777365  8.47195e-05  -0.0163236  0.039932  0.0424055  
0.000773374  -0.00078595  0.000219672  -0.0331647  -0.171795  -0.0103054  
0.00123204  -0.000757348  8.47195e-05  -0.0454183  -0.104662  -0.0537572  
0.000915799  -0.000766283  0.000532432  -0.0221806  0.0154978  0.0359504  
0.000876652  -0.000975973  0.000654059  -0.0349798  -0.0802239  0.0821754  
0.00144553  -0.000874655  0.000657403  -0.0497256  -0.201269  0.0274647  
0.00119463  -0.000827172  0.000495259  -0.0290692  -0.0591519  0.0159822  
0.000774662  -0.000968445  0.000634982  -0.020268  0.0156712  0.11323  
0.00100336  -0.000687757  0.0002367  -0.0274168  -0.197141  0.0380946  
0.000526947  -0.000908936  0.000635081  -0.0179803  -0.0373878  0.0380971  
0.00111855  -0.00042767  0.000541838  -0.0188381  -0.133747  -0.0225866  
0.00103192  -0.000144496  0.000368964  -0.0263893  -0.115906  -0.128866  
0.000534981  -0.000484033  0.000223192  -0.0138197  0.020576  -0.0156185  
0.00150513  -0.000386928  0.000223192  -0.0198873  -0.163776  -0.0681438  
0.000961933  -0.000511703  0.000223192  -0.0207631  -0.0501123  -0.0117991  
0.0013292  -0.000346098  0.000223192  -0.0299366  -0.106131  -0.0770597  
0.00130725  -0.000509379  0.000223192  -0.0203553  -0.0625713  -0.0366632  
0.000978475  -0.000488479  0.000274698  -0.0146468  -0.0289275  -0.00140772  
0.00141081  -0.000550466  0.000223192  -0.0274145  -0.160261  -0.0391555  
0.00109086  -0.000662422  0.000223192  -0.0105843  -0.0453947  -0.0130751  
0.00137927  -0.00088755  0.000223192  -0.0277671  -0.132665  -0.0734024  
0.000720073  -0.000161921  0.000223192  -0.0275749  -0.120831  -0.201984  
0.00046235  -0.000200097  7.497e-07  -0.00757165  -0.0521661  -0.191761  
0.00046235  -0.000103671  -0.000287531  -0.00752301  -0.018976  -0.108545  
0.000775309  -0.00075824  0.000223192  -0.0290282  -0.159776  -0.161307  
0.00046235  -0.000595051  0.000223192  -0.0195713  -0.0509868  -0.135377  
-4.80989e-05  -0.000454733  3.86906e-05  -0.0154621  -0.0543487  -0.0743728  
0.000184878  -0.000408327  0.000223192  -0.0308753  -0.1172  -0.150362  
-0.000112148  -0.000142315  -0.000134235  -0.0231628  -0.0987916  -0.242512  
-3.63804e-05  -0.000420348  -5.12534e-05  -0.0130353  0.0494438  -0.136385  
0.00086166  -0.000198385  5.8553e-05  -0.0387267  -0.212569  -0.151947  
0.000178196  -0.000669363  0.000382441  -0.0247623  0.0651499  -0.131013  
0.000993746  -0.000642496  7.56509e-05  -0.0402698  -0.205057  -0.165249  
0.00051251  -0.00040148  3.23035e-05  -0.0179572  -0.00710667  -0.126123  
0.000587357  -0.000437642  0.000382441  -0.0313356  -0.0289078  -0.0824146  
0.000716391  -0.000262701  0.000441495  -0.0207026  -0.165102  -0.103886  
0.000613082  -0.000416011  0.000346771  -0.0198754  -0.0141993  -0.0692596  
0.00031885  -0.000217965  0.000221632  -0.0268512  -0.0988299  -0.0922285  
0.000397814  -0.000275413  0.000430276  -0.0204507  -0.0033777  -0.0781223  
0.000875123  -0.000323961  0.000319495  -0.0189211  -0.125607  -0.0981937  
0.000219549  -0.000676785  0.000325044  -0.0132594  0.013713  -0.056037  
0.000839593  -0.00022056  0.000420114  -0.032472  -0.195251  -0.115662  
0.000501729  -0.000676785  0.000641844  -0.0242691  -0.00295022  -0.0539584  
0.000711376  -0.000471768  0.000519242  -0.0250576  -0.148831  -0.0921326  
0.000413825  -0.000319699  0.000641844  -0.0219772  -0.0619876  -0.144501  
-0.00011167  -0.000990198  0.000240076  0.00814131  -0.0517849  -0.0583827  
0.000131169  -0.00112667  0.000423528  -0.0472421  -0.0997655  -0.0561917  
0.000271121  -0.00075935  0.000641844  -0.0349136  -0.0318163  -0.0659658  
0.00094532  -0.000661907  0.000225493  -0.0350619  -0.169533  -0.101687  
0.000355133  -0.000859239  0.000379943  -0.0209202  0.0312772  -0.046267  
0.00115771  -0.000624987  0.000173869  -0.0350495  -0.210096  -0.120135  
0.00067499  -0.000928114  0.000345571  -0.0305242  0.0191001  -0.0772086  
0.00110127  -0.000529364  0.000154784  -0.0408319  -0.1551  -0.114834  
0.000264291  -0.000760357  0.000578037  -0.0266569  0.0240835  -0.0322582  
0.000807304  -0.000568377  0.000251241  -0.0153945  -0.197103  -0.0820716  
0.000701547  -0.000578107  0.000554455  -0.025245  -0.0185366  -0.0818702  
0.000503004  -0.000759584  0.000554455  -0.0264952  -0.0665897  -0.0352048  
0.000769562  -0.000695367  0.000432368  -0.0348069  -0.105288  -0.104727  
0.000644016  -0.000531537  0.000353909  -0.0154231  -0.0502918  -0.0984221  
0.000721105  -0.000513764  0.000233154  -0.0341111  -0.107622  -0.18702  
-0.000121826  -0.000871486  0.000298421  -0.00622212  -0.0636819  -0.186455  
0.000565922  -0.000513764  0.000123964  -0.0341131  -0.0474902  -0.158234  
0.000409681  -0.000513764  -0.000279316  -0.0261139  -0.0475066  -0.0922344  
0.000662857  -0.000513764  -0.000191751  -0.0251937  -0.119947  -0.143785  
0.000466608  -0.000513764  -0.000293044  -0.03413  -0.0402277  -0.160097  
0.000199292  -0.000394923  -0.000171776  -0.0138318  -0.0720447  -0.174215  
0.000514361  7.11394e-05  -0.000443521  -0.00801805  -0.0901954  -0.224249  
0.000339625  8.62631e-05  -0.000692008  -0.0136517  -0.0538278  -0.258657  
3.00492e-05  0.000125707  -0.00065151  -0.0154792  -0.0760131  -0.270675  
-0.000201752  0.000501287  -0.000848482  0.00138783  -0.0190649  -0.234047  
-0.000106998  0.000501287  -0.000813481  -0.00813479  -0.0793696  -0.211338  
-0.00023508  0.000501287  -0.000792448  -0.00434902  -0.0640603  -0.252598  
-0.000223988  0.000244991  -0.000709479  -0.0115063  -0.0850874  -0.32697  
0.000743911  0.000125699  -0.000443522  -0.00930374  -0.0311064  -0.0194608  
0.000505493  6.46639e-05  -0.000443522  -0.0196981  -0.0870863  -0.00946836  
-0.000161841  -0.000238995  -0.0010017  -0.0224699  0.0214342  0.154311  
0.000963658  0.000167803  -0.00134206  -0.0235037  -0.25173  -0.186618  
0.000811588  0.000394452  -0.00134206  -0.00770489  -0.0865721  -0.235647  
0.00198202  8.24553e-05  -0.000992908  0.000679822  0.058344  -0.138542  
0.00298031  -0.000301862  -0.000879237  -0.0200842  -0.210406  -0.126549  
0.000184433  0.000137516  -0.000373821  -0.023054  -0.166171  -0.0844969  
-2.40532e-05  4.00216e-05  -0.00025655  -0.00901769  0.0402322  -0.0508307  
0.000350638  -0.000182297  0.000142  -0.013098  -0.0130068  0.00508177  
0.000422122  0.000261189  -5.12313e-05  -0.0129181  -0.232036  -0.0497953  
0.000118703  -6.27318e-05  -0.000364867  -0.0201279  0.0139159  -0.0534439  
-7.34781e-05  -0.000301862  -6.26444e-05  -0.0129429  0.0140673  0.0184546  
0.00069976  -0.000301862  -6.26444e-05  -0.0191915  -0.20454  -0.044503  
0.000643596  -2.68482e-05  -0.000385562  -0.0147329  -0.0808559  -0.0786119  
0.0002358  -0.000193306  -0.000296692  -0.00945911  0.0505756  -0.028992  
0.000714288  -0.000301862  -6.26444e-05  -0.0125871  -0.13989  -0.0557611  
0.000664968  0.000110555  -0.000286076  -0.0178963  -0.162298  -0.0945231  
0.000432958  -0.000164864  -6.26444e-05  -0.00107625  0.0195919  -0.0699879  
-8.37687e-05  -0.000239708  -6.26444e-05  0.00255379  -0.0194073  -0.0181928  
0.000559142  -9.79313e-05  -6.26444e-05  -0.0295649  -0.194121  -0.0666686  
0.000799186  0.000146534  -0.000597485  0.0088017  -0.154361  -0.108205  
0.000511941  -8.52246e-05  -0.000624939  -0.0177396  -0.0132293  -0.146196  
0.000444568  -2.37784e-05  -0.000548329  -0.00736746  -0.0131526  -0.0883038  
-9.39019e-05  0.000100974  -6.26444e-05  -0.00736977  -0.0330327  -0.0574162  
0.00061065  6.89761e-07  -0.000286696  -0.0287392  -0.22749  -0.0973329  
0.000685634  7.46093e-05  -0.000680124  -0.0153976  -0.108324  -0.138997  
0.000353328  0.000196428  -0.000670786  0.00207555  0.0424151  -0.0863008  
0.000400536  -8.6339e-06  -0.000487553  -0.00813515  -0.0487791  -0.0838799  
0.000503828  -0.000168442  -0.000489506  -0.0362305  -0.196666  -0.127281  
0.000810183  0.000114112  -0.000462532  0.0146696  -0.0363018  -0.111119  
0.000170256  -2.44848e-05  -0.000387799  0.0146426  0.00790349  -0.0220106  
0.000158676  2.58046e-05  -0.000462532  -0.0206428  -0.111952  -0.0657977  
0.000905767  0.000145493  -0.000812958  -0.00473906  -0.174974  -0.111802  
0.000608193  -6.86191e-06  -0.000462532  -0.00149599  0.00330987  -0.0890682  
0.000326676  -2.9486e-05  -0.000116738  0.00856805  -0.064694  -0.0474038  
0.000631393  0.00036105  -0.000835679  -0.00545012  -0.153026  -0.125703  
6.33109e-05  0.00021198  -0.000687774  -0.00507757  0.0194266  -0.0557594  
0.000553313  -0.000168443  -0.000619753  -0.00178218  -0.121577  -0.0949394  
0.000761023  0.000181419  -0.000749899  -0.00171006  -0.110702  -0.136642  
0.000551101  -0.000168442  -0.000835962  0.00167043  -0.0274944  -0.103552  
0.000630587  0.000367329  -0.000723656  -0.0194106  -0.126274  -0.159017  
0.000551101  0.00086128  -0.000799568  -0.00407705  -0.0877617  -0.204127  
0.000187017  0.000501741  -0.00109377  -0.0110389  -0.0208939  -0.133886  
-5.73392e-05  0.000425246  -0.000723656  0.00377396  -0.0542025  -0.068311  
0.000743039  0.000336747  -0.00128024  0.00091691  -0.169049  -0.12659  
0.000445236  0.000357871  -0.000966928  0.00377632  0.0294231  -0.07132  
0.000736706  0.000459439  -0.00134481  -0.00697779  -0.191004  -0.125748  
0.000267391  0.000415618  -0.00116053  0.0128805  0.0635231  -0.0397327  
0.000580619  0.000246763  -0.00109612  0.00599342  -0.215546  -0.127669  
0.000549394  0.000446705  -0.000753388  0.00866125  0.0271791  -0.0636229  
0.000675521  0.000706928  -0.00125417  -0.00356633  -0.134546  -0.10226  
-0.000148656  0.000553382  -0.000753388  0.0109526  0.0132595  -0.00522829  
0.000590306  0.000612007  -0.000997549  0.000283905  -0.15349  -0.0678533  
0.000612032  0.000558767  -0.00110206  -0.00239072  -0.0823509  -0.0814618  
0.000274106  0.000561275  -0.000753388  0.0236292  -0.0694275  -0.145496  
2.98102e-05  0.000927833  -0.00106712  0.00711805  -0.082299  -0.215826  
8.21191e-05  0.000934181  -0.0011304  0.00738338  -0.0415807  -0.144199  
0.00032092  0.000841305  -0.00120609  0.00227753  -0.0102462  -0.0790626  
0.000229684  0.000688003  -0.00151542  1.42776e-05  -0.11715  -0.106649  
0.000691686  0.00060821  -0.00137783  0.00393842  -0.142689  -0.186656  
0.000269482  0.000656313  -0.00103531  0.00389699  0.0329387  -0.0960232  
0.000432341  0.000966465  -0.00119255  0.00856055  -0.202265  -0.220742  
0.000192536  0.00112013  -0.00117888  0.00900425  -0.00715392  -0.148705  
9.34003e-06  0.00131776  -0.00089021  0.0314382  -0.180885  -0.266033  
-0.000224231  0.00101464  -0.000890209  0.00919833  0.0239986  -0.235961  
1.83721e-05  0.00101464  -0.00089021  0.0273783  -0.143545  -0.306666  
0.00078566  -0.000192837  -0.000212125  -0.00415519  0.0482016  0.0671944  
0.00144791  -0.000100529  -0.000281053  -0.00380328  -0.179729  0.0235776  
0.00101125  -0.000330184  -6.95456e-05  -0.0109444  -0.0579095  0.00856823  
0.00116185  -0.000163617  -6.95456e-05  0.0122533  -0.0752838  0.0560235  
0.00142913  0.000262664  -0.000393711  -0.00286032  -0.161617  -0.0785564  
0.000698364  5.39037e-05  -0.000659326  -0.0145233  0.010462  0.0531901  
0.000869348  0.000141343  -0.00072413  0.00350616  -0.125832  0.0263645  
0.000881614  6.863e-05  -0.000367061  -0.0138772  -0.0610556  0.0370288  
0.000751356  8.25356e-06  -0.000139486  -0.00263665  -0.0762649  0.0370469  
0.000921035  -0.000318693  -0.000470495  -0.00692227  -0.0619375  0.0590633  
0.000751356  -0.000132476  -0.000417737  0.00799246  -0.132182  0.00496073  
0.000873851  0.000211586  -0.000311833  -0.00729969  -0.0639587  0.0176587  
0.000751356  5.51223e-05  -0.000625327  -0.0151872  -0.0659525  0.0385418  
0.000751357  -1.46849e-05  -0.000519319  -0.0135536  -0.0559876  0.0434792  
0.00108017  0.000159111  -0.000876007  0.0002534  -0.127628  0.0559782  
0.000751357  0.000162574  -0.00059725  -0.015824  -0.0464833  0.0228391  
0.00106716  0.000245253  -0.000432823  0.00195407  -0.0906749  0.022844  
0.00103214  0.000214246  -0.000445971  0.00197587  -0.0429433  0.0356293  
0.000751357  0.000407174  -0.000697096  0.00194671  -0.0893226  0.0365926  
0.000751357  0.000154852  -0.000773805  -0.0145225  -0.086927  -0.00178465  
0.000818316  -7.73239e-05  -0.000773805  -0.00986558  -0.00346382  0.0777446  
0.00151631  0.000279444  -0.000773805  -0.0088339  -0.203165  0.0109231  
0.000509652  -5.9936e-05  -0.000345494  -0.0151903  0.0302406  0.0941368  
0.000821886  7.05422e-05  -0.000439729  -0.00200509  -0.205628  0.0141329  
0.000649659  9.48589e-05  -0.000439729  -0.0112203  -0.000557257  0.0144422  
0.000740829  0.000379606  -0.000439729  -0.00337136  -0.159339  -0.0662989  
0.000586319  0.000447872  -0.000301823  -0.00325298  -0.0662655  -0.127542  
0.000604938  0.000386581  -0.000364255  -0.00324102  -0.0662686  -0.138376  
0.000284708  0.000219218  -0.000583805  -0.00334572  -0.0323308  -0.0609024  
0.000902351  0.000110668  -0.000653855  -0.00342835  -0.0770248  -0.0509472  
0.000755286  8.50112e-05  -0.000860306  -0.0123078  -0.0874308  0.0103201  
0.000755286  0.000118365  -0.000921201  0.000830871  -0.0788023  -0.0299757  
0.000858416  0.000368039  -0.000754245  0.00220917  -0.0588541  -0.0216318  
