-0.0107138  -0.000471986  -0.00130465  -0.0997868  -0.44354  1.26898  
-0.00554932  0.000636908  -0.00188232  -0.243406  -0.47304  1.30137  
-0.00382698  0.000493536  -0.00187626  -0.276119  -0.457417  1.09731  
-0.00363524  0.000244931  -0.00236692  -0.274952  -0.471558  1.11205  
-0.00289097  0.000606872  -0.00236692  -0.292621  -0.462172  1.13954  
-0.00291195  0.00101394  -0.00236692  -0.30559  -0.437203  1.12076  
-0.00267488  0.000669253  -0.00236692  -0.313573  -0.449391  1.207  
-0.00268753  0.00091785  -0.00236692  -0.308096  -0.453661  1.08158  
-0.00186944  0.000752731  -0.00182436  -0.299211  -0.422323  1.05391  
-0.00239961  0.000959511  -0.00191508  -0.274712  -0.385429  0.985013  
-0.00209031  0.000921459  -0.00159714  -0.288097  -0.384857  0.953394  
-0.00242254  0.00115367  -0.00200487  -0.292803  -0.397263  0.964788  
-0.00206874  0.000975091  -0.00200487  -0.283792  -0.397103  0.974976  
-0.00159886  0.000398797  -0.00143155  -0.223806  -0.312943  0.808996  
-0.00408393  -0.000258742  0.000424484  -0.0833404  -0.130575  0.386319  
-0.00285527  0.000327966  -8.36241e-05  -0.0553892  -0.137033  0.363482  
-0.00373379  0.000570045  -0.000483788  -0.0680981  -0.0607128  0.315135  
-0.00247697  0.000462487  -0.000450281  -0.0454963  -0.0661778  0.294856  
-0.00167406  0.000587392  -0.000500571  -0.0638922  -0.0661431  0.208376  
-9.58224e-05  -0.000146014  0.000189902  -0.00507721  -0.0348827  0.00795374  
-0.000440264  -0.000146014  0.000150568  -0.0002085  0.00978828  -0.000149266  
5.44412e-05  0.000733784  -0.00017115  -0.0320933  0.00973889  -0.000232477  
0.000613671  0.000554956  0.000526922  -0.0575544  -0.033828  -0.0302102  
0.000824153  0.000605915  0.000474589  -0.0532016  -0.00191761  -0.0452533  
0.000514033  0.000747402  0.000694833  -0.0575274  0.010132  -0.030088  
0.000838902  0.00033543  0.000865465  -0.0575088  0.000659206  -0.0068946  
0.000836651  0.00049022  0.000865465  -0.0575201  0.000662781  -0.010576  
0.000882202  0.000590851  0.000865465  -0.0575481  -0.00269874  0.00968428  
0.000613671  0.00060054  0.000754898  -0.0575475  -0.00330166  0.0490138  
0.000697488  0.000723364  0.000622314  -0.057539  -0.0172095  0.0501064  
-0.0004631  0.000660728  -0.00016173  -0.0258317  -0.0397765  0.173892  
-0.000759823  0.000748701  0.000354025  -0.102889  -0.0776345  0.119764  
0.000932888  0.000393736  0.000616793  -0.110833  -0.0488025  0.0945471  
0.00161745  0.000393736  0.000202966  -0.113415  -0.0487634  0.0916968  
0.00239658  0.000658872  0.000202966  -0.118819  -0.0486668  0.067941  
0.00240488  0.000393735  0.000770275  -0.123122  -0.00735919  0.0579803  
0.00245967  0.000755772  0.000902372  -0.126905  -0.0221251  0.0860665  
0.00270598  0.000393735  0.000789302  -0.128362  -0.027064  0.0787748  
0.00304674  0.000780379  0.00102349  -0.12794  -0.0102463  0.0552362  
0.00319526  0.000393735  0.00121178  -0.130911  0.000859596  0.0678305  
0.0032867  0.000938779  0.00113741  -0.150138  -0.0424204  0.110804  
0.00350936  0.00210217  0.00132121  -0.129975  -0.0392192  0.235069  
0.00415229  0.00143346  0.00172523  -0.151745  -0.0242854  0.0742496  
0.00467246  0.00187138  0.00228357  -0.182274  -0.0241742  0.161103  
0.0046507  0.00153533  0.00187554  -0.192858  -0.0552849  0.121335  
0.0044026  0.00212524  0.00187554  -0.18277  -0.0242703  0.191669  
0.004599  0.00138998  0.00229383  -0.176558  -0.024142  0.241038  
0.00527879  0.00263309  1.72525e-05  -0.107568  -0.0583744  0.416719  
0.00446302  0.0029487  -0.00195742  -0.146685  -0.0905243  0.361621  
0.00500532  0.00279732  -0.00140936  -0.160797  -0.080361  0.291851  
0.00527879  0.00255497  -0.000646304  -0.179507  -0.072319  0.28213  
0.00400994  0.00307338  -0.000819137  -0.177225  -0.0840588  0.301423  
0.00539061  0.00360804  8.29459e-05  -0.185766  -0.0481465  0.264652  
0.00587628  0.00336589  8.29459e-05  -0.1917  -0.048102  0.293376  
0.00574625  0.00406071  -4.25233e-06  -0.214913  -0.0702004  0.320188  
0.00642645  0.00389893  8.29458e-05  -0.236911  -0.0606972  0.316608  
0.00717181  0.00336098  0.000482124  -0.178411  -0.035484  0.404961  
0.00685135  0.0036495  0.000800711  -0.207509  -0.0537569  0.527869  
0.00741342  0.0037532  0.000390749  -0.207865  -0.0577157  0.544877  
0.0053613  0.00259732  0.00150422  -0.122085  -0.0582086  0.39992  
0.0025435  0.00126226  0.00294904  -0.0761732  -0.0514708  0.399586  
0.00419605  0.00175879  0.00337561  -0.10546  -0.0899541  0.424681  
0.00458058  0.00189453  0.00324018  -0.117469  -0.0844782  0.383613  
0.00499206  0.00204242  0.00347319  -0.106987  -0.0601854  0.348801  
0.00534861  0.00223027  0.00337198  -0.140263  -0.0401003  0.368772  
0.0056586  0.00296121  0.00294904  -0.166013  -0.0770034  0.504056  
0.00550987  0.00309989  0.00294904  -0.175758  -0.0984516  0.465846  
0.00433105  0.00457145  0.00252943  -0.173554  -0.131056  0.710324  
0.00423858  0.00427971  0.00250203  -0.222338  -0.107524  0.655627  
0.00423805  0.00343996  0.00288752  -0.217891  -0.202489  0.598006  
0.0051877  0.00332034  0.00313128  -0.259626  -0.135859  0.57341  
0.00530138  0.00345397  0.0037562  -0.265187  -0.129952  0.669566  
0.00569806  0.00357882  0.00362278  -0.262099  -0.136355  0.709539  
0.00590026  0.00347091  0.00363604  -0.236026  -0.136311  0.627576  
0.00469758  0.00416143  0.00373287  -0.27192  -0.121697  0.743746  
0.00585306  0.00397784  0.00345008  -0.268719  -0.144504  0.623329  
0.0066603  0.00386224  0.00338407  -0.247213  -0.125515  0.606991  
0.00625207  0.00423298  0.00352305  -0.268511  -0.110709  0.618336  
0.00624617  0.00423639  0.00338407  -0.27038  -0.130529  0.656001  
0.00712593  0.00442519  0.00338407  -0.272581  -0.109238  0.619217  
0.00652801  0.00464242  0.00338407  -0.272264  -0.118301  0.752021  
0.00504933  0.00483089  0.00246351  -0.302158  -0.164045  0.840006  
0.00584006  0.00460495  0.00246351  -0.320418  -0.167397  0.834541  
0.00692807  0.00487873  0.00246351  -0.313824  -0.150491  0.845542  
0.00826839  0.00451031  0.00215177  -0.303652  -0.0410474  0.835112  
0.00833277  0.00409193  0.00246351  -0.307671  -0.0896282  0.895166  
0.00837889  0.00434886  0.00246351  -0.308214  -0.116515  0.85746  
0.00865346  0.00428111  0.00265778  -0.321454  -0.0759943  0.821831  
0.00835711  0.00496419  0.00256263  -0.346949  -0.116401  0.922369  
0.00856333  0.00409193  0.00246351  -0.322658  -0.116325  0.788694  
0.00835711  0.00437546  0.00355623  -0.334649  -0.080488  0.720163  
0.00748135  0.00409193  0.00289406  -0.309842  -0.0933325  0.807361  
0.00865885  0.00349925  0.00224097  -0.280063  -0.0798737  0.709007  
0.00931054  0.00364976  0.00209871  -0.314894  -0.0319879  0.630916  
0.00903279  0.0034958  0.00313304  -0.331279  -0.0447581  0.770567  
0.00946788  0.00305207  0.00332545  -0.321631  -0.0744953  0.930313  
0.0107055  0.00233047  0.00335413  -0.30412  -0.0807776  0.85698  
0.010347  0.00289737  0.00332634  -0.277109  -0.0201472  0.714879  
0.0105181  0.00298848  0.00332634  -0.285197  -0.0508061  0.78709  
0.010347  0.00297268  0.00341083  -0.286852  -0.0467443  0.80461  
0.0101966  0.00328855  0.00355535  -0.30842  -0.0465806  0.83199  
0.0112106  0.00429654  0.00414642  -0.346858  -0.0890415  0.967159  
0.0112795  0.00471882  0.00373769  -0.344743  -0.0979354  0.895079  
0.0117081  0.00431298  0.00361859  -0.369107  -0.0628991  0.811752  
0.0117081  0.00354206  0.00364635  -0.353015  -0.107323  1.00021  
0.0118287  0.00306527  0.0037406  -0.379769  -0.13757  1.2025  
0.0121839  0.00382122  0.00351824  -0.385724  -0.129624  1.15002  
0.012054  0.00327916  0.00378586  -0.380785  -0.120673  1.07674  
0.0123077  0.00296439  0.003369  -0.379417  -0.120679  1.12092  
0.0128135  0.00338968  0.003369  -0.360599  -0.0809849  1.17627  
0.0110531  0.00364528  0.00398885  -0.346677  -0.147555  1.24508  
0.0113118  0.00303747  0.00381923  -0.343553  -0.158365  1.26603  
0.00877018  0.00389719  0.00303825  -0.318131  -0.227313  1.31588  
0.00934929  0.00332532  0.00340313  -0.35152  -0.241833  1.24084  
0.00921845  0.00355747  0.00340313  -0.373739  -0.245768  1.33326  
0.00950259  0.00325605  0.00298773  -0.366511  -0.213179  1.29159  
0.00942623  0.00370165  0.00340313  -0.356687  -0.213103  1.29148  
0.00889663  0.00362476  0.00340313  -0.340503  -0.189768  1.25842  
0.00921692  0.00362476  0.00340313  -0.356587  -0.202578  1.22782  
0.00908239  0.00385575  0.00296844  -0.357292  -0.201207  1.20745  
0.00960447  0.00362476  0.00340313  -0.36465  -0.170396  1.23718  
0.00922086  0.00382888  0.00340313  -0.367949  -0.181037  1.26297  
0.00924969  0.00362476  0.00298088  -0.340385  -0.19276  1.20873  
0.00965158  0.00377681  0.00340314  -0.346421  -0.165596  1.21249  
0.00932629  0.00436795  0.00340313  -0.359588  -0.169896  1.20354  
0.00941858  0.00402879  0.00317232  -0.35932  -0.200904  1.21031  
0.00982054  0.00396359  0.00298084  -0.340638  -0.169253  1.13264  
0.00956536  0.00371263  0.00332009  -0.340547  -0.169373  1.16374  
0.0113634  0.00434403  0.00319232  -0.351608  -0.154765  1.19497  
0.0106607  0.00400916  0.00290319  -0.320018  -0.127023  1.10489  
0.010893  0.00390889  0.00298728  -0.328631  -0.126883  1.08695  
0.0102864  0.00426077  0.00295217  -0.332092  -0.162795  1.18011  
0.010893  0.00362477  0.00295217  -0.338907  -0.144009  1.07775  
0.0106156  0.00388556  0.00295217  -0.353804  -0.127046  0.918706  
0.00994892  0.00417626  0.00309701  -0.363227  -0.12288  1.07579  
0.0101102  0.00413368  0.00313248  -0.358223  -0.159478  1.15145  
0.0105215  0.00362477  0.00316501  -0.361667  -0.159188  1.11595  
0.00934376  0.00405126  0.00356595  -0.37088  -0.147543  1.20954  
0.00961056  0.00453045  0.00316564  -0.378389  -0.171916  1.10732  
0.0100436  0.0049053  0.00275299  -0.338814  -0.17325  1.0022  
0.0107585  0.00428375  0.00244395  -0.335796  -0.127343  0.961565  
0.00676237  0.00437519  0.00233508  -0.321289  -0.209823  0.98413  
0.00663467  0.00541733  0.00188996  -0.348466  -0.21004  1.01131  
0.00740499  0.00602851  0.00194286  -0.381241  -0.209579  1.01125  
0.00792022  0.00558419  0.00230042  -0.391611  -0.209107  1.02273  
0.00844597  0.00539617  0.00219787  -0.390933  -0.222984  1.06899  
0.00845763  0.00479628  0.00178555  -0.39079  -0.177163  1.03542  
0.00769783  0.00508892  0.00178555  -0.392508  -0.180779  1.06816  
0.00864851  0.00491007  0.00178155  -0.386892  -0.189193  1.02425  
0.00766414  0.00386597  0.00276724  -0.38442  -0.224247  1.03955  
0.00768079  0.00386959  0.00252643  -0.395374  -0.208013  1.06011  
0.00767085  0.00373449  0.00276725  -0.40399  -0.241024  1.07833  
0.00896935  0.00328027  0.00276725  -0.400857  -0.210093  1.02135  
0.00819307  0.00382264  0.00291262  -0.405797  -0.188168  1.02144  
0.00832092  0.00421817  0.00276477  -0.402983  -0.211021  0.956714  
0.00907791  0.00404132  0.00287886  -0.416896  -0.207561  0.956999  
0.00913423  0.00328027  0.00287886  -0.426366  -0.16592  0.89236  
0.00900328  0.00331517  0.00287886  -0.423053  -0.203817  0.962817  
0.00693676  0.00427474  0.00100268  -0.394369  -0.179313  0.921387  
0.00395993  0.0049644  -9.5417e-05  -0.434165  -0.16467  0.925194  
0.00477905  0.00530008  0.00042767  -0.488454  -0.182006  0.980547  
0.00532563  0.00650995  8.08767e-05  -0.502869  -0.228875  1.18631  
0.00663146  0.00623487  8.1355e-05  -0.509265  -0.222595  1.11326  
0.00719667  0.00599891  0.000290368  -0.514956  -0.184819  1.00395  
0.00723374  0.00632004  0.000582874  -0.531671  -0.181173  0.983629  
0.00741734  0.00577889  0.000546518  -0.542425  -0.177987  0.851945  
0.00693418  0.00584685  0.000552625  -0.558044  -0.144002  0.77912  
0.00728993  0.00493708  0.000585083  -0.552677  -0.180828  0.739889  
0.00699202  0.00493708  0.000642855  -0.553444  -0.143331  0.772395  
0.00681819  0.00544062  0.000602343  -0.544564  -0.16951  0.810747  
0.00741609  0.00511706  0.000484032  -0.537884  -0.169289  0.774496  
0.00699202  0.00492497  0.000602343  -0.539131  -0.169434  0.850794  
0.00716638  0.00464078  0.000602343  -0.52395  -0.207802  0.810147  
0.00787602  0.00430421  0.000602343  -0.514462  -0.177147  0.785827  
0.00796526  0.00469849  0.000602343  -0.533016  -0.177114  0.811987  
0.00863848  0.00490742  0.000682585  -0.51445  -0.198225  0.820282  
0.00878442  0.00456081  0.00111824  -0.507751  -0.159171  0.776025  
0.00869063  0.00373424  0.00111824  -0.506752  -0.162535  0.84756  
0.00879772  0.00237675  0.00111824  -0.464636  -0.137251  0.848253  
0.00989569  0.00207089  0.00191267  -0.402616  -0.129472  0.861014  
0.00857855  0.00261855  0.00153779  -0.436681  -0.186032  0.790735  
0.00893218  0.00269896  0.00153779  -0.45029  -0.137057  0.771831  
0.00895772  0.00264684  0.00160681  -0.460237  -0.157931  0.790783  
0.0100126  0.00207089  0.00153779  -0.459236  -0.136617  0.781034  
0.010137  0.00234687  0.00153779  -0.456093  -0.136572  0.750697  
0.0100586  0.00244826  0.00153779  -0.460865  -0.148175  0.838258  
0.0102943  0.00233524  0.00153779  -0.466271  -0.159085  0.762474  
0.00974453  0.00268697  0.00153779  -0.469303  -0.158258  0.971533  
0.00875229  0.00255307  0.00152097  -0.456957  -0.208214  1.27013  
0.00987344  0.00256614  0.00152288  -0.453618  -0.22114  1.14084  
0.00972123  0.00257893  0.00195155  -0.432228  -0.18666  1.12145  
0.0104264  0.00251853  0.00197779  -0.437621  -0.194747  1.07282  
0.0106138  0.00243429  0.00197779  -0.437557  -0.197363  1.02052  
0.0112361  0.00228205  0.00197779  -0.453448  -0.141631  0.920805  
0.0107177  0.00231885  0.0020623  -0.477283  -0.167969  0.992807  
0.0105583  0.00236883  0.00197779  -0.47515  -0.203708  1.05213  
0.0101466  0.00224153  0.00197779  -0.49179  -0.201239  1.07004  
0.0099826  0.00259234  0.00215352  -0.490337  -0.211526  1.0754  
0.0107845  0.00257595  0.00248108  -0.462606  -0.18226  0.974682  
0.010979  0.00229167  0.00291187  -0.440426  -0.167603  0.984563  
0.0111153  0.0022943  0.0032742  -0.448069  -0.221673  1.00909  
0.0115977  0.00211814  0.0031471  -0.448489  -0.208057  1.00921  
0.0112004  0.00154116  0.00359634  -0.447217  -0.181697  1.01188  
0.0111386  0.00199873  0.00347687  -0.457924  -0.219394  1.04381  
0.0113703  0.00178869  0.00359634  -0.460122  -0.234174  1.03411  
0.00881278  0.00216968  0.00447109  -0.481146  -0.1743  1.09198  
0.0121489  0.00177918  0.00337061  -0.472858  -0.263674  0.973304  
0.0123587  0.00264232  0.00278555  -0.488194  -0.205834  0.908214  
0.0110577  0.0014997  0.00278555  -0.444616  -0.229305  0.963486  
0.0103102  0.00168605  0.00307505  -0.444591  -0.200417  1.01161  
0.0111413  0.00174598  0.00286611  -0.449558  -0.205797  0.969548  
0.0105151  0.00323339  0.00240175  -0.456731  -0.177072  0.959797  
0.0112146  0.00274515  0.00247223  -0.434395  -0.218046  0.93118  
0.011245  0.0020225  0.00248393  -0.434169  -0.181429  0.860051  
0.0114562  0.00213848  0.00263887  -0.437068  -0.16547  0.812598  
0.0116831  0.00223265  0.00294801  -0.431506  -0.16362  0.747081  
0.011839  0.00170493  0.00259707  -0.402607  -0.144903  0.714426  
0.0118776  0.00128898  0.00294801  -0.410742  -0.115898  0.81434  
0.0122887  0.00217161  0.00227825  -0.398498  -0.198299  1.03752  
0.011776  0.00190337  0.00206096  -0.395927  -0.149973  0.83908  
0.0118532  0.00175316  0.00206096  -0.392177  -0.128837  0.799759  
0.0111068  0.0017131  0.00146219  -0.41617  -0.135113  0.861345  
0.00938688  0.00152263  0.000494336  -0.383092  -0.104958  0.684843  
0.00939064  0.00219553  0.00108005  -0.399556  -0.13301  0.719632  
0.0102723  0.00121248  0.0013833  -0.39911  -0.123819  0.664833  
0.0104321  0.000644172  0.001232  -0.37255  -0.121091  0.662116  
0.0109927  0.000299785  0.000741489  -0.364349  -0.0884615  0.672282  
0.0112801  6.88955e-05  0.000489558  -0.383635  -0.0773661  0.812341  
0.0103936  0.000553928  0.00166078  -0.354556  -0.118912  0.724637  
0.00884873  0.000748504  0.000725228  -0.399455  -0.139691  0.620157  
0.00992035  0.000716361  0.000725228  -0.422283  -0.116055  0.654636  
0.00958939  0.00104955  0.000725228  -0.438806  -0.131048  0.659944  
0.0100141  0.000545808  0.000725228  -0.448078  -0.133601  0.677738  
0.0100446  0.000373845  0.000518514  -0.449113  -0.116188  0.743755  
