0.00302511  -0  0.00105255  0.0218446  -0.0704323  -0.136812  
0.00294134  -0.000274178  0.000734988  0.0119676  -0.0842155  -0.131774  
0.00301444  2.86421e-23  0.000910518  0.0178595  -0.104069  -0.13921  
0.00282668  -6.49436e-23  0.000826813  0.0218839  -0.054792  -0.12926  
0.00261163  -0  0.000683256  0.0179552  -0.0547508  -0.122952  
0.002465  -0  0.000762653  0.0219179  -0.0379301  -0.13173  
0.00244266  -6.18502e-05  0.000609002  0.0218806  -0.0536947  -0.131738  
0.00248808  -2.94715e-22  0.000679566  0.0488136  -0.0742646  -0.131737  
0.0019386  5.09401e-05  0.00045518  0.0325965  -0.0616628  -0.157165  
0.0022004  -0  0.000238523  0.0533153  -0.0576434  -0.135092  
0.00159076  0.00063192  -1.96871e-05  0.0207116  -0.0575163  -0.131745  
0.000986639  0.000420809  -8.54966e-06  0.0132168  -0.0239165  -0.0872708  
0.00145148  0.000838249  -0.000394394  -0.0220199  0.00767354  -0.0609178  
0.00145148  0.000112982  -0.000201661  -0.0290106  0.00766397  -0.0633699  
0.000933038  -0.000153706  2.38383e-05  -0.0221339  -0.0340025  -0.0809067  
0.00074482  -5.95688e-05  0.000238523  -0.0139572  -0.033726  -0.0317986  
0.000500266  -0  -0.000109416  -0.0221208  -0.0171819  -0.048312  
0.000758022  -0  -1.42037e-05  -0.0088478  -0.00475842  -0.0245667  
0.000944891  -0.000439629  0.000238523  -0.000795708  -0.0178297  -0.0302306  
0.000952782  -0  5.58636e-05  0.0101108  -0.0239581  -0.0462015  
0.000347146  -1.29304e-23  0.000238523  -0.000770942  0.0019427  0.000604831  
-0.000282803  -0  -0.000186122  -0.00876103  0.00368122  0.0173368  
0.000320482  -0  0.000117792  0.00170084  -0.00521267  -0.00651408  
0.000336734  -0  -5.0485e-05  -0.000793716  0.00382859  -0.0111162  
0.000538107  -0  0.000269006  0.0013577  -0.011765  -0.0593784  
7.38805e-05  -0  3.57901e-05  -0.000792991  -0.00494049  -0.00865404  
-0.000140298  -0.000150259  3.57901e-05  -0.000788475  -0.00502867  -0.0190002  
-0.000361449  -6.6939e-05  3.57901e-05  0.00199882  -0.00168984  -0.0190041  
-0.000974779  -0  -0.000187948  0.00665765  -0.0123136  -0.0222689  
-0.0010354  2.64698e-23  -0.000128387  -0.000800393  0.0328062  0.0135401  
-0.000941338  1.60026e-23  -0.000147598  0.0135321  0.0136048  0.00102705  
-0.000805748  0.000598771  -0.000407642  0.0210396  -0.0171046  -0.0483486  
-0.0012318  -0  -0.00046114  0.0131919  0.00534356  0.00618875  
-0.00114979  -0  -0.000407642  0.00838673  -0.0107989  -0.00461656  
-0.00106487  -0  -0.000407642  -0.00295172  -0.0108058  -0.00460629  
-0.0013745  0.000357612  -0.000407642  -0.00293556  -0.0107968  -0.00686234  
-0.00156447  0.000466662  -0.00125993  -0.00516947  -0.0176255  0.0199254  
-0.003734  0.000777106  -0.00217016  -0.0143758  0.000715595  0.0229695  
-0.00424872  0.00107881  -0.00236685  -0.0351556  0.00219153  0.0388101  
-0.00419706  0.00107881  -0.00236685  -0.0424761  -0.0260893  -0.0209085  
-0.00482282  0.00107881  -0.00236685  -0.0351556  -0.0430392  -0.0715118  
-0.00453371  0.00107881  -0.00236685  -0.0351556  -0.0135363  -0.0183627  
-0.00469942  0.00107881  -0.00236685  -0.0351556  0.000228072  0.00687914  
-0.00385583  0.00107881  -0.00236685  -0.0351556  -0.0212494  0.0069123  
-0.00415961  0.00107881  -0.00236685  -0.0279201  -0.0176893  0.00689966  
-0.00424741  0.00107881  -0.00236685  -0.0351556  -0.0301998  0.00689245  
-0.00465645  0.00107881  -0.00280637  -0.0350983  -0.0427629  -0.00873976  
-0.00488456  0.00107881  -0.00267085  -0.0269173  -0.0373736  -0.00697402  
-0.00454944  0.00107881  -0.00273249  -0.0351533  1.36703e-05  0.0437193  
-0.00491988  0.00132572  -0.00273249  -0.035167  -0.021908  0.0228424  
-0.00465954  0.00123513  -0.00273249  -0.0351638  0.00911684  0.0312517  
-0.00515428  0.00107881  -0.00290588  -0.0351637  0.00856301  0.0228908  
-0.00465954  0.00107881  -0.00273249  -0.0351533  0.0299873  0.00546337  
-0.00435953  0.00136008  -0.00266379  -0.0351841  0.00276705  0.0313244  
-0.00420487  0.00135745  -0.00253506  -0.035218  -0.0121982  0.0556656  
-0.00477445  0.00143197  -0.00279553  -0.0352076  0.0134954  0.0767175  
-0.00477929  0.00140298  -0.00279553  -0.0351797  -0.00107792  0.0643815  
-0.00497661  0.00142231  -0.00279553  -0.03517  -0.000556808  0.0672072  
-0.0050219  0.00107881  -0.00279553  -0.0351343  0.0118931  0.0672647  
-0.00405987  0.00107881  -0.00279553  -0.0351343  0.0061357  0.0672474  
-0.0046402  0.00140901  -0.00279553  -0.0352028  -0.00161132  0.0671147  
-0.00515621  0.00107881  -0.00279553  -0.0351343  0.0138088  0.0930881  
-0.00480129  0.00148161  -0.00279553  -0.0351644  0.0112611  0.0820368  
-0.00460897  0.00107881  -0.00279553  -0.0351343  -0.0118097  0.0473106  
-0.00513526  0.0014714  -0.00320896  -0.035205  0.0243588  0.0629112  
-0.00454818  0.00156279  -0.0028483  -0.0351953  0.0231155  0.0529778  
-0.00495354  0.00152062  -0.00266732  -0.035172  -0.0379643  -0.032864  
-0.00537946  0.00152243  -0.00288501  -0.0352169  -0.00650183  0.0254003  
-0.00536831  0.00140056  -0.00288567  -0.0352308  -0.00490967  0.0050325  
-0.00502707  0.00149817  -0.00288986  -0.0352275  -0.0256975  -0.0362075  
-0.00543586  0.00169391  -0.00285814  -0.0352325  0.0125057  0.0526494  
-0.0052444  0.00169391  -0.00285814  -0.0352325  0.0244265  0.0565171  
-0.00478406  0.00169391  -0.00310808  -0.0352354  0.00862718  0.014835  
-0.00460731  0.00132726  -0.00301213  -0.0351927  0.00300041  0.0230856  
-0.00465464  0.00157892  -0.0026886  -0.0523109  0.0319756  0.0734705  
-0.00488092  0.00169391  -0.0026886  -0.0523361  0.0214651  0.0795465  
-0.00509651  0.00169391  -0.00290953  -0.0523311  0.000249064  0.0422861  
-0.00509651  0.00169391  -0.00275813  -0.0523343  0.00502744  0.0472232  
-0.00517287  0.00169391  -0.00285953  -0.0523633  0.046114  0.0881116  
-0.00543637  0.00169391  -0.002909  -0.0523711  0.0416317  0.112958  
-0.0053251  0.00169391  -0.00310663  -0.0335128  0.00187966  0.0435561  
-0.00560539  0.00169391  -0.00313385  -0.0420789  0.0303394  0.07132  
-0.00547651  0.00169391  -0.00285677  -0.0451788  0.0366116  0.0956949  
-0.00514845  0.00162738  -0.00285677  -0.0335021  0.0184708  0.0718989  
-0.00629385  0.00169391  -0.00299413  -0.0440795  0.0704658  0.10773  
-0.00572355  0.00169391  -0.00285677  -0.0335125  0.0354207  0.107727  
-0.00594035  0.00169391  -0.00306674  -0.0335225  0.0228929  0.065387  
-0.00572355  0.00169391  -0.00327908  -0.0396089  0.0516339  0.0849295  
-0.00572355  0.00175688  -0.00285677  -0.0409633  0.00166619  0.047039  
-0.00580162  0.00169391  -0.00285677  -0.0335125  0.0212237  0.0699808  
-0.00638559  0.00169391  -0.00321229  -0.0439357  0.0355523  0.0893207  
-0.00622675  0.00169391  -0.00328583  -0.0511025  0.0086803  0.0808443  
-0.00623579  0.00169391  -0.00285677  -0.0448844  0.00913836  0.0573105  
-0.00673945  0.00187127  -0.00333649  -0.053353  0.0244129  0.0674432  
-0.00594569  0.00169391  -0.00327997  -0.0384363  -0.0211792  0.0167412  
-0.00613676  0.00169391  -0.00297071  -0.0533366  0.00794761  0.0269914  
-0.00791269  0.00169391  -0.00329163  -0.0647212  0.0249348  0.102957  
-0.0073112  0.00205644  -0.00327046  -0.0796815  0.0470988  0.0668061  
-0.00676264  0.0020331  -0.00298163  -0.0649977  0.00905906  -0.0241232  
-0.00680849  0.00201551  -0.00285677  -0.0617904  0.0347097  0.027284  
-0.00712712  0.00203915  -0.00309152  -0.0596845  0.0624796  0.088737  
-0.00699906  0.00228099  -0.00325018  -0.0597103  0.03005  0.0817262  
-0.00715042  0.00228099  -0.00285677  -0.0596908  0.0376954  0.0998208  
-0.00758908  0.00228099  -0.00328259  -0.0566148  0.0680527  0.108797  
-0.0059928  0.00228099  -0.00336949  -0.059738  0.0202471  0.0581004  
-0.00663157  0.00214952  -0.00307306  -0.0596726  0.0377504  0.143074  
-0.00745971  0.00208885  -0.00341297  -0.0596681  0.0461825  0.15186  
-0.00745971  0.00228099  -0.00383028  -0.0245762  0.0215213  0.11854  
-0.00751625  0.00190667  -0.00383028  -0.0430177  0.0738318  0.118571  
-0.00733195  0.00239562  -0.00321258  -0.0430425  0.0739051  0.127182  
-0.00737523  0.00208734  -0.00343179  -0.0430496  0.00978591  0.0740784  
-0.00779725  0.00213325  -0.0035596  -0.0430535  0.0256278  0.0845762  
-0.00800743  0.00218261  -0.00308837  -0.0654267  -0.0276297  -0.0257657  
-0.00725013  0.0020274  -0.00338244  -0.053145  -0.0094114  0.0382887  
-0.00791102  0.00206343  -0.00313812  -0.0654238  0.00594226  0.0291615  
-0.00783347  0.00206089  -0.00313381  -0.0654343  0.0240827  0.0638291  
-0.0076463  0.00215263  -0.00311162  -0.0654183  0.0375008  0.074402  
-0.0069922  0.00199728  -0.00339645  -0.0654164  0.0517417  0.107915  
-0.00716859  0.00174387  -0.00345332  -0.0541746  0.0353482  0.0800086  
-0.00747168  0.00202744  -0.00345332  -0.0531267  -0.0108626  0.0458292  
-0.00806915  0.0020396  -0.00321522  -0.0436869  -0.0470339  -0.0294985  
-0.00792277  0.00210701  -0.00325953  -0.0437372  -0.017243  0.056201  
-0.00743039  0.00210701  -0.00325953  -0.0437372  -0.00982646  0.00902874  
-0.00729633  0.00231404  -0.00367513  -0.0437361  0.0226964  0.0560159  
-0.00786487  0.0020163  -0.00385576  -0.0436955  0.0168715  0.0975205  
-0.0072579  0.00206596  -0.00367513  -0.0437162  0.0209762  0.0560559  
-0.00704795  0.00240471  -0.00318116  -0.0437458  -0.011128  0.0506238  
-0.00816154  0.002561  -0.00336261  -0.0437624  0.00493578  0.0478938  
-0.00790626  0.00234934  -0.00380271  -0.0531484  0.0110073  0.0673201  
-0.00765364  0.00224511  -0.00391017  -0.0600213  -0.0162697  0.032113  
-0.00751943  0.0021615  -0.00345646  -0.0335795  -0.0321017  0.0258535  
-0.00795037  0.00234669  -0.00402037  -0.0499124  0.0104177  0.0714126  
-0.00795037  0.00199232  -0.00372547  -0.0498916  -0.0224845  0.0369404  
-0.00809618  0.00185289  -0.00372547  -0.0498591  -0.00576041  0.0969111  
-0.00845592  0.00203186  -0.00385266  -0.0498973  0.00530777  0.0407158  
-0.00797143  0.00203186  -0.00376314  -0.0498958  -0.0256463  0.0136866  
-0.00800366  0.00216597  -0.0037118  -0.049939  0.0147065  0.0591736  
-0.00682956  0.00180398  -0.00397497  -0.0498459  0.0499522  0.135252  
-0.00731929  0.0023051  -0.0037118  -0.0499065  0.0245517  0.0945862  
-0.00781216  0.00256162  -0.0037118  -0.0379169  0.00493236  0.102812  
-0.00827574  0.00269548  -0.00391961  -0.0478058  0.0403948  0.126879  
-0.00753539  0.00252479  -0.0037118  -0.0499352  0.0114129  0.0519579  
-0.00757819  0.00236525  -0.0037118  -0.049925  0.011447  0.082068  
-0.00809958  0.00236525  -0.00399814  -0.0499352  0.0347001  0.131057  
-0.00763571  0.00236525  -0.00362111  -0.0499428  0.00483497  0.11323  
-0.00696375  0.00204908  -0.00362111  -0.0222019  0.00722907  0.0988109  
-0.00796356  0.00236525  -0.00376326  -0.04661  0.0542749  0.113274  
-0.00770353  0.00256756  -0.00362111  -0.0467085  0.0125059  0.0825553  
-0.00769542  0.00236525  -0.00362111  -0.0331148  0.00967484  0.0787109  
-0.00852648  0.00251065  -0.00408614  -0.0317072  -0.0100532  0.0120912  
-0.00823478  0.00279949  -0.00381912  -0.0240609  -0.0252813  0.0149537  
-0.00805403  0.00279949  -0.00371325  -0.0402207  -0.0286914  -0.0117343  
-0.00822213  0.00254079  -0.00366046  -0.0361267  -0.06884  -0.0674452  
-0.00828088  0.00262914  -0.00399859  -0.0469285  -0.0115594  0.060439  
-0.0081576  0.00279949  -0.00363718  -0.059098  -0.0421699  0.024338  
-0.00844523  0.00279949  -0.00353466  -0.0518322  -0.051488  0.00202505  
-0.00875831  0.00279949  -0.00366137  -0.0591489  -0.0128612  0.0514827  
-0.00820532  0.00251719  -0.00366137  -0.0512982  -0.0419629  -0.00171163  
-0.00943847  0.00281514  -0.00406624  -0.048899  -0.0449232  0.00768475  
-0.0102011  0.00281514  -0.0040916  -0.0591459  -0.0218014  0.0628496  
-0.0100636  0.00281514  -0.0041443  -0.0591214  -0.0614509  -0.0244539  
-0.010326  0.00313185  -0.00447206  -0.0562118  0.00646257  0.0983419  
-0.00992013  0.00281514  -0.00420381  -0.0591589  -0.0161491  0.0553754  
-0.00896063  0.00281514  -0.00420381  -0.0591588  -0.0251165  -0.00139845  
-0.00912903  0.00276013  -0.00420381  -0.0591534  0.00383195  0.033069  
-0.00798814  0.00272317  -0.00420381  -0.075666  0.0226241  0.138649  
-0.00795215  0.00243239  -0.00401784  -0.061546  0.0158087  0.167351  
-0.00865293  0.00281514  -0.00414709  -0.0616914  0.0535048  0.159023  
-0.00859917  0.00281514  -0.00414709  -0.0616914  -0.00728667  0.0814563  
-0.00859917  0.00263561  -0.00414709  -0.0389259  0.00664943  0.110327  
-0.00936961  0.00279088  -0.00414709  -0.0498804  0.0385174  0.12355  
-0.00902484  0.00277781  -0.00390987  -0.0497848  -0.0655029  -0.0416819  
-0.00955858  0.00278641  -0.00404012  -0.0498278  -0.0280456  0.0267705  
-0.00965682  0.00291157  -0.0039468  -0.0655304  -0.0245404  0.0903379  
-0.00874184  0.0027226  -0.0039468  -0.0498361  -0.0484204  0.0520295  
-0.0100578  0.00340436  -0.00437629  -0.0499645  0.0530569  0.163812  
-0.00970959  0.00323239  -0.00407407  -0.0499999  -0.0459803  0.0281596  
-0.00989621  0.00290024  -0.00409781  -0.0622896  -0.0307942  0.0447614  
-0.00980994  0.00288678  -0.00429062  -0.0668758  -0.0326898  0.0404731  
-0.00966976  0.00291198  -0.00434494  -0.0668923  -0.0147543  0.120523  
-0.00888253  0.00318341  -0.00442273  -0.0571304  -0.0215868  0.0799464  
-0.00908979  0.0029058  -0.00457991  -0.0591336  -0.00904159  0.0648511  
-0.00908979  0.00267339  -0.00434494  -0.0647376  0.0282472  0.12342  
-0.00915305  0.00275307  -0.00454578  -0.0668395  -0.00211568  0.0890154  
-0.0096388  0.00275307  -0.00434494  -0.0668352  -0.0496991  0.0452915  
-0.00983687  0.00275307  -0.00434494  -0.0617615  -0.0596519  -0.0153445  
-0.0101403  0.00280137  -0.00428848  -0.0668376  -0.0626843  -0.02809  
-0.0100614  0.00297443  -0.0039293  -0.059053  -0.140558  -0.105949  
-0.00994525  0.00297928  -0.00454797  -0.0668949  -0.0532956  -0.0205571  
-0.0104124  0.00297928  -0.00435401  -0.0668748  -0.0783117  -0.0218358  
-0.00991757  0.00311166  -0.00434937  -0.0668795  -0.0824009  0.00519173  
-0.010556  0.00325782  -0.00462951  -0.0668751  -0.0577012  0.0528579  
-0.010564  0.00297928  -0.00487269  -0.0668796  -0.0517218  0.0394953  
-0.0100124  0.00272642  -0.00439067  -0.0732549  -0.109869  -0.0228511  
-0.00993737  0.00294573  -0.00454704  -0.0669643  -0.0601538  0.0353823  
-0.0108415  0.00317954  -0.00499449  -0.0669924  -0.0260628  0.0872405  
-0.010687  0.00317954  -0.00502949  -0.0586356  -0.0742782  0.0424184  
-0.0104412  0.00317954  -0.00499878  -0.0569842  -0.0606414  0.00163367  
-0.0106189  0.00317954  -0.0048398  -0.0669989  -0.026562  0.0644454  
-0.00966216  0.00317954  -0.0046551  -0.066994  -0.0656169  0.0204885  
-0.0100946  0.00317954  -0.00497108  -0.0669886  -0.030167  0.0367447  
-0.00988947  0.00317954  -0.00495169  -0.0848231  -0.0126316  0.0562394  
-0.00963572  0.00317954  -0.00495169  -0.06701  -0.0515903  0.0300868  
-0.00959167  0.00278054  -0.00495169  -0.0616257  -0.018325  0.0878749  
-0.0105324  0.00304829  -0.00507577  -0.0721066  -0.0455505  0.0803128  
-0.0105325  0.00303998  -0.00481917  -0.0669209  -0.0543453  0.0276093  
-0.00967259  0.00292088  -0.00488695  -0.066947  -0.0274809  0.0563544  
-0.00990882  0.00316874  -0.00481483  -0.091403  -0.0192787  0.0751646  
-0.00924431  0.00316874  -0.00481483  -0.0670249  -0.0730736  0.0262236  
-0.0101774  0.00316874  -0.00481483  -0.0670249  -0.0487883  0.0802699  
-0.0100301  0.00316874  -0.00481483  -0.0670249  -0.075676  0.0478533  
-0.009825  0.00289772  -0.00439057  -0.0670841  -0.0956124  0.0118105  
-0.0109291  0.00304574  -0.0045862  -0.0710179  -0.0912461  -0.0305942  
-0.0100726  0.00321069  -0.00468933  -0.0760931  -0.0559257  -4.83556e-05  
-0.00937935  0.00323129  -0.00468933  -0.0670231  -0.0558515  -3.12543e-05  
-0.0101795  0.00318114  -0.00468933  -0.0670267  -0.0369933  0.0471897  
-0.0104316  0.00342833  -0.0049827  -0.0670307  -0.0188948  0.0723913  
-0.00956175  0.00342833  -0.00457825  -0.0670459  -0.0631063  0.033463  
-0.010383  0.00342833  -0.00468037  -0.0832611  -0.0258708  0.0679222  
-0.00971541  0.00288648  -0.00458617  -0.0832048  -0.0700823  0.0182038  
-0.0101662  0.0032494  -0.00468379  -0.0635898  -0.0791438  -0.0153646  
-0.0105171  0.0032277  -0.00459661  -0.0827933  -0.0206247  0.0739293  
-0.0100864  0.00315957  -0.00461391  -0.0779243  -0.0676982  0.0329425  
-0.0100028  0.00347501  -0.00495939  -0.0779484  -0.0445282  0.0515248  
-0.0107924  0.00347501  -0.00511112  -0.0779811  -0.0184899  0.0792112  
-0.0102597  0.00347501  -0.00506219  -0.0725609  -0.0922595  -0.0120457  
-0.0100097  0.00347501  -0.00464234  -0.0779872  -0.085688  -0.00446992  
-0.0105179  0.00327389  -0.00464234  -0.0779724  -0.0554445  0.0384375  
-0.0105155  0.00331836  -0.00509845  -0.0779658  -0.0609994  0.0428441  
-0.00943272  0.00347501  -0.00464234  -0.0779872  -0.0305478  0.0391589  
-0.00981014  0.00327714  -0.00487062  -0.077984  -0.0210453  0.0273831  
-0.010364  0.00347501  -0.00513742  -0.0942065  -0.0288728  0.0763192  
-0.0101205  0.00337042  -0.00469576  -0.0751269  -0.0365134  0.0726759  
-0.00987414  0.00325069  -0.00491997  -0.0656012  -0.0117101  0.0547488  
