0.000483893  -0.000489839  0.000841909  0.0341215  -5.50305e-05  -0.0595971  
0.000114611  -0.000577873  0.000719659  0.0166247  -0.0109368  -0.0649148  
-0.000185862  -0.00049085  0.000567336  0.0253781  -8.16479e-05  -0.0462165  
0.000192122  -0.000259397  0.000452423  0.0259529  -0.0340954  -0.0174129  
-0.000236567  -0.000417351  0.000300597  0.00939232  -0.00809978  -0.0232721  
1.14503e-05  -0.000417351  0.000300597  0.00941428  -0.0234222  -0.0390338  
-4.18158e-05  -0.000341719  0.000300597  0.0189983  -0.0255676  -0.0211643  
0.000161974  -0.00072778  0.000300597  0.0118981  -0.00513081  -0.0333285  
0.000121457  -0.000438433  0.000300597  0.00406855  -0.00696004  -0.0333205  
0.0002122  -0.000238714  0.000300597  -0.000253945  -0.0101132  -0.0333165  
0.000191211  -0.000157843  0.000223019  -0.00279753  -0.00867183  -0.0333064  
-0.00024095  -0.000273654  5.9922e-05  -0.00176189  0.00312005  -0.0333002  
-5.43923e-05  -0.000557628  7.242e-05  0.000695578  -0.0134236  -0.00722773  
-0.000117386  -0.000268735  0.00015466  0.00282703  -0.0162185  0.00349667  
-0.000303662  -0.000268735  4.35832e-05  0.0105691  -0.0134397  0.00915581  
-5.43923e-05  -0.000268735  8.7197e-05  0.0105658  -0.0134216  0.0123837  
-5.43923e-05  -0.000268735  -1.41994e-05  -0.00211856  -0.00483523  0.016507  
-5.43924e-05  -0.000142244  -0.000110288  -0.00962843  0.0137154  -0.0133713  
-7.7418e-07  -0.000190046  2.61965e-05  -0.00456008  -0.00628726  0.00732056  
-5.43924e-05  -0.000130731  3.70068e-05  0.00160724  -0.0198624  0.0166678  
-5.43924e-05  -0.000130731  8.60813e-05  -0.000339674  -0.00571379  0.00919955  
-0.000114932  -0.000130731  0.000300598  0.00337623  -0.00141705  -0.00515661  
0.00026068  -0.000130731  -5.55434e-05  0.0105631  -0.0127489  0.00237988  
0.000319568  -0.000130731  0.000300598  0.0105655  0.0159035  -0.0229442  
0.000319568  -0.000130731  -0.00010285  0.0105595  0.0159011  -0.0229442  
0.000319568  -0.000130731  4.05322e-05  0.0105605  -0.000996404  -0.0173196  
0.000482631  -0.000130731  -0.000107079  0.00101335  -0.00585626  -0.0420144  
0.00054613  7.3484e-05  -0.000235282  0.0105659  0.00791339  -0.0384638  
0.000336585  0.00014264  -3.68118e-05  0.0105614  0.000642599  -0.0229671  
0.000420926  0.000151959  -0.000133855  0.00412836  -0.00542094  -0.0402294  
0.000745418  -2.47271e-05  -2.28285e-05  0.0173879  -0.0164171  -0.0307587  
0.000450508  -2.47271e-05  -5.68216e-06  0.0188364  -0.0125293  -0.0377241  
0.000241437  2.94179e-05  -4.85638e-05  0.0167449  -0.0023221  -0.041071  
0.000527424  -2.47271e-05  2.9549e-05  0.0217365  -0.0167045  -0.0406597  
0.000765362  0.000314117  -1.7577e-06  0.0314694  -0.0146591  -0.022957  
0.000833169  0.000175375  0.000316767  0.0314302  -0.0124868  -0.0414375  
0.000452711  1.91865e-05  0.000180163  0.0314231  -0.00602329  -0.0493077  
0.000759851  0.000245961  0.000180163  0.0314393  -0.0124648  -0.0350792  
0.000641897  0.000175375  0.000180163  0.0314354  -0.0194013  -0.0245305  
0.000976023  0.000175375  0.000180163  0.0314354  -0.0197232  -0.024527  
0.000819388  0.00028339  0.000326769  0.038904  -0.0070699  -0.0190188  
0.000569439  0.000175375  0.000180163  0.0439428  -0.0124248  -0.0245361  
0.000949918  0.000175375  0.000180163  0.0481623  -0.0124403  -0.0385731  
0.00101715  5.80199e-05  0.000180163  0.0456458  -0.0236986  -0.0245374  
0.000617554  0.000175375  0.000180163  0.0475409  -0.00513477  -0.0245362  
0.000949918  0.000175375  0.000180163  0.065513  -0.0124403  -0.0245316  
0.000855449  0.000175375  0.000180163  0.0496532  -0.0124394  -0.0245344  
0.00112224  0.000175375  0.000180163  0.0493372  -0.0124495  -0.0445166  
0.000958455  0.000175375  0.000432333  0.0454735  -0.00963043  -0.0405472  
0.000954334  0.000175375  0.000497349  0.0505608  -0.0124655  -0.0245324  
0.000864624  0.000175375  0.000180163  0.0416545  -0.0372232  -0.0345382  
0.000666785  0.000117741  0.000180163  0.0512864  -0.019003  -0.00749013  
0.00103619  0.000175375  0.000311875  0.0577847  -0.0124369  -0.0245283  
0.00111098  0.000175375  0.000180163  0.065513  -0.0330096  0.00409549  
0.000999294  0.000175375  0.000574246  0.0560126  -0.0148585  -0.0260624  
0.000882888  0.000175375  0.000417942  0.0654946  -0.0250448  -0.026073  
0.000947977  8.0216e-05  0.000291226  0.0516391  -0.043298  -0.0260771  
0.000888285  0.000175375  0.000701264  0.0511667  -0.0148701  -0.0260727  
0.00117371  5.08508e-06  0.000546758  0.065471  -0.0148538  -0.0260672  
0.000955931  0.000175375  0.000203495  0.0540128  -0.0383111  -0.0158661  
0.000856181  0.000175375  0.000270728  0.0516121  -0.0148394  -0.0228492  
0.00115905  0.000224037  0.000203495  0.0524631  -0.0148323  -0.0260485  
0.00153254  0.000115655  0.000203495  0.0618542  -0.0347304  -0.026029  
0.00124912  0.00016682  0.000531419  0.0611657  -0.00813584  -0.036708  
0.000886425  0.000250694  0.00050014  0.0654871  -0.0148582  -0.0213988  
0.00156574  0.000144796  0.000613486  0.0654765  -0.0283539  -0.00929048  
0.00168188  0.00021164  0.000531549  0.0654775  0.00839917  -0.0288328  
0.00183636  0.000343518  0.00058397  0.0654757  -0.014242  -0.0259895  
0.00140028  -0.000142024  0.000552486  0.0604356  -0.00614925  -0.0451066  
0.00169906  -0.000227118  0.000434493  0.0654789  3.73225e-05  -0.0311337  
0.00154842  -0.0003106  0.000644183  0.0665675  -0.00707428  -0.0434099  
0.00129751  0.000197499  0.000638199  0.0639625  0.00840854  -0.049733  
0.00199685  0.000137534  0.000596392  0.081803  0.00379939  -0.0373903  
0.00207079  1.21859e-05  0.000553819  0.0756466  -0.0080495  -0.0471349  
0.00193232  1.21859e-05  0.000567438  0.0843204  -0.0102923  -0.054246  
0.00213689  1.21859e-05  0.000508408  0.0923008  -0.00179238  -0.0399394  
0.00265054  -0.000338904  0.000456904  0.092367  -0.0243441  -0.0318781  
0.0025856  -0.000300895  0.000430924  0.0868321  -0.00563973  -0.0417484  
0.00241549  -0.000433548  0.000476071  0.0923913  0.00127994  -0.0454739  
0.00300718  -2.88315e-05  0.000795283  0.0990603  -0.0175568  -0.0438338  
0.00289635  0.000339975  0.000925062  0.111284  0.0271762  -0.0301035  
0.0027771  -0.000217483  0.000562096  0.119072  0.0153572  -0.0487916  
0.00268714  -0.000555211  0.000689855  0.120165  -0.00553167  -0.0707946  
0.00273334  0.000311622  0.000820439  0.138944  0.0248994  -0.0334047  
0.00276302  -0.000111251  0.000721581  0.122883  0.00961244  -0.0397803  
0.00268521  -0.000694033  0.000567463  0.120837  -0.00322472  -0.0501542  
0.00293315  -8.46957e-06  0.000673744  0.123163  -0.000245444  -0.0219833  
0.0029865  -0.000683714  0.000799026  0.130944  -0.0154071  -0.029609  
0.00327919  -0.000130318  0.000828152  0.109727  -0.0146801  -0.0189298  
0.00299931  6.8866e-05  0.00083798  0.111291  0.0133599  -0.0254258  
0.00265608  -0.000140619  0.000821684  0.115198  -0.0219538  -0.0684713  
0.00249002  0.000249301  0.000884636  0.127662  0.0166532  -0.0811543  
0.00254812  -4.20494e-05  0.000651417  0.121594  0.0262965  -0.0753321  
0.00255821  -0.000227764  0.000683337  0.119471  0.00204053  -0.0931652  
0.00244582  4.20248e-05  0.00056297  0.109146  0.0167269  -0.0725076  
0.00260864  -0.000413035  0.00074407  0.109213  -0.00464641  -0.0688127  
0.00324438  -0.000113998  0.000508187  0.109183  -0.00614629  -0.0620753  
0.00272923  -2.28353e-05  0.000544824  0.109164  0.0138784  -0.0465539  
0.00298492  -1.58126e-05  0.000565688  0.109173  -0.00611356  -0.0260146  
0.00314936  -0.000180681  0.000518905  0.107659  -0.0119173  -0.0583606  
0.00271444  -0.000131725  0.000407473  0.115106  0.0100226  -0.0252682  
0.00316085  -0.000130561  0.000587324  0.103796  -0.00592815  -0.0188739  
0.00261662  0.000356216  0.000796147  0.110102  0.0166898  -0.0346805  
0.00230515  -2.08321e-05  0.00074983  0.119261  0.0300566  -0.058046  
0.00283  -0.000308044  0.000554304  0.115195  0.0035548  -0.075985  
0.002749  6.17587e-05  0.000668812  0.130879  0.067108  -0.0374437  
0.00339649  0.000118244  0.00049655  0.115532  0.0363382  -0.0113435  
0.00319727  0.00013055  0.000392657  0.118473  0.0308378  -0.0258765  
0.00240706  4.28822e-06  0.000203496  0.124828  0.0442811  -0.055547  
0.00277203  4.28822e-06  0.000537244  0.118435  0.0144769  -0.0600956  
0.00288387  4.28822e-06  0.000203496  0.112247  0.051453  -0.083388  
0.00263137  4.28822e-06  0.000203496  0.120192  0.0520971  -0.0736096  
0.00261195  -6.03475e-05  0.000331624  0.120768  0.00901889  -0.0585589  
0.00251294  5.68794e-05  0.000203496  0.122766  0.00897648  -0.0834794  
0.0020373  4.28822e-06  0.000305992  0.113504  0.00894651  -0.0558634  
0.00269057  4.28822e-06  0.000495314  0.12101  -0.0109997  -0.0696971  
0.00791296  -0.000477367  0.00239865  0.159064  0.0110333  -0.338053  
0.00322245  0.00116299  0.000393218  0.0683085  0.0511392  -0.0891973  
0.00368117  0.000930671  0.000433826  0.0902617  -0.0103067  -0.103358  
0.00337788  0.000605023  0.0002025  0.069614  0.0268934  -0.123581  
0.00325083  0.000649619  -0.00604355  -0.399051  -0.0354433  -0.103155  
0.00381482  -0.000396811  -0.0122721  -0.748889  -0.128864  -0.117361  
0.00399522  -0.000543674  -0.0134452  -0.819439  -0.111281  -0.130821  
0.00414666  -0.00014366  -0.0147704  -0.878446  -0.116581  -0.118954  
0.00442942  -0.000436862  -0.015784  -0.947844  -0.155492  -0.127735  
0.00395051  -0.000155704  -0.016116  -0.957601  -0.142835  -0.133616  
0.00419262  -0.00016819  -0.0170028  -1.0269  -0.143802  -0.12982  
0.0045352  -0.000450743  -0.0179213  -1.08308  -0.173289  -0.120467  
0.00428663  -0.00017315  -0.0186563  -1.11177  -0.145707  -0.111173  
0.00438515  1.20779e-05  -0.0188497  -1.12592  -0.172943  -0.0899634  
0.00443948  0.000224601  -0.0187329  -1.10011  -0.170286  -0.114712  
0.00418832  0.000488212  -0.0188497  -1.09598  -0.145988  -0.132424  
0.00456062  0.000561968  -0.0191253  -1.10392  -0.139184  -0.103225  
0.0048237  0.000814935  -0.0189785  -1.08385  -0.159443  -0.105921  
0.00448088  0.000790161  -0.0182897  -1.06018  -0.102311  -0.12036  
0.00451677  0.000660919  -0.0186413  -1.06998  -0.121791  -0.120172  
0.00480152  0.00101153  -0.0186504  -1.06345  -0.103176  -0.156102  
0.00427712  0.000890448  -0.0189521  -1.08212  -0.0937804  -0.155002  
0.00457523  0.00112109  -0.0187095  -1.06707  -0.112636  -0.139684  
0.00473679  0.00112879  -0.0190256  -1.07505  -0.116116  -0.162936  
0.00466725  0.00120788  -0.0189237  -1.07392  -0.0613965  -0.158481  
0.00495721  0.00155434  -0.0186188  -1.06813  -0.0912962  -0.166501  
0.00503023  0.00150162  -0.0195369  -1.09688  -0.11534  -0.133867  
0.00462076  0.00179333  -0.0194915  -1.12527  -0.103337  -0.114707  
0.00467682  0.00140509  -0.0196583  -1.11259  -0.122285  -0.126782  
0.00491496  0.00200897  -0.0196737  -1.11308  -0.116758  -0.140405  
0.00466694  0.00196573  -0.01967  -1.10994  -0.0954791  -0.130396  
0.00500237  0.00197481  -0.0196962  -1.10814  -0.109674  -0.118999  
0.00491358  0.00155881  -0.019958  -1.13381  -0.141129  -0.12845  
0.00473184  0.00119987  -0.0201525  -1.11619  -0.111515  -0.144652  
0.00464699  0.00112562  -0.019306  -1.09071  -0.123722  -0.123133  
0.00520192  0.000673332  -0.0197137  -1.09049  -0.14208  -0.14064  
0.00527169  0.00110344  -0.0189463  -1.06708  -0.0865038  -0.127713  
0.00546542  0.000660252  -0.0187935  -1.03542  -0.105007  -0.130832  
0.0048763  0.000778928  -0.0183958  -1.02241  -0.131851  -0.139916  
0.00465705  0.00120164  -0.0181595  -1.02673  -0.0948912  -0.172467  
0.0044057  0.00107512  -0.017835  -1.01024  -0.0798437  -0.151015  
0.00457969  0.00127628  -0.0178501  -0.994181  -0.11463  -0.143975  
0.00458506  0.00122495  -0.0174147  -0.976044  -0.103249  -0.151159  
0.00450853  0.00171512  -0.0174068  -0.985292  -0.114791  -0.135128  
0.00497973  0.0012228  -0.0169362  -0.967663  -0.126865  -0.149291  
0.00480651  0.00143403  -0.017056  -0.979028  -0.1049  -0.152567  
0.00458281  0.00136309  -0.0167215  -0.941852  -0.104609  -0.140892  
0.00443015  0.00156374  -0.0167375  -0.945139  -0.129808  -0.147878  
0.00425831  0.00120259  -0.01698  -0.952573  -0.113159  -0.153247  
0.00422238  0.0013268  -0.0167954  -0.939901  -0.0977143  -0.153781  
0.00464228  0.00141988  -0.0166832  -0.940203  -0.132739  -0.154729  
0.00464786  0.00167641  -0.0165046  -0.93999  -0.104388  -0.16671  
0.00432312  0.00154286  -0.0163793  -0.925257  -0.108101  -0.173981  
0.00492198  0.00171087  -0.0161982  -0.930704  -0.114741  -0.16588  
0.00438023  0.0010445  -0.0158877  -0.915491  -0.103785  -0.182595  
0.00431877  0.0014416  -0.0157408  -0.893567  -0.103603  -0.154062  
0.00466757  0.00103586  -0.015511  -0.881674  -0.103388  -0.163276  
0.00442564  0.0015929  -0.0157911  -0.89017  -0.0819867  -0.178219  
0.00419246  0.00113706  -0.0157255  -0.887053  -0.100123  -0.157242  
0.00448105  0.00117132  -0.015519  -0.888022  -0.109744  -0.169612  
0.0043382  0.00112253  -0.0156671  -0.88647  -0.0787401  -0.172752  
0.00433339  0.00132041  -0.0156921  -0.897843  -0.0787497  -0.157036  
0.0046073  0.000945269  -0.015911  -0.908653  -0.092599  -0.150252  
0.00463659  0.000407717  -0.015108  -0.852231  -0.0726068  -0.138481  
0.00494683  0.00020241  -0.0146644  -0.826597  -0.0875318  -0.131381  
0.00525601  -5.82628e-05  -0.0136142  -0.790282  -0.0958275  -0.144636  
0.00503814  -0.000787874  -0.0117386  -0.701705  -0.0677101  -0.151021  
0.00488895  -0.00142395  -0.0108128  -0.662025  -0.0564484  -0.141659  
0.00472644  -0.00152041  -0.011396  -0.685583  -0.0796287  -0.155048  
0.00421818  -0.000162528  -0.0116582  -0.677888  -0.0379615  -0.184698  
0.00428127  0.000246789  -0.0113836  -0.664405  -0.0370864  -0.173912  
0.00450316  0.000526325  -0.0111763  -0.651169  -0.00327108  -0.216065  
0.00423009  0.000721429  -0.0108965  -0.636875  0.0181476  -0.21152  
0.00439309  0.000756027  -0.0106955  -0.622498  -0.0119326  -0.199642  
0.00423498  0.000652689  -0.010837  -0.63088  -0.0375452  -0.203555  
0.00410399  0.000974466  -0.010971  -0.635956  -0.0103369  -0.223602  
0.00440398  0.000971351  -0.0104201  -0.623607  -0.016396  -0.196483  
0.00489217  0.00117563  -0.0104993  -0.632766  -0.0164108  -0.210137  
0.00449543  0.00192127  -0.0102935  -0.62093  0.0125481  -0.184443  
0.00455386  0.00169946  -0.0104174  -0.616527  -0.00882124  -0.16223  
0.00452514  0.00135473  -0.0103114  -0.615803  -0.0275599  -0.194959  
0.00455425  0.00149269  -0.00986468  -0.592615  0.0224049  -0.189474  
0.00416662  0.00180384  -0.0101387  -0.602514  -0.0147295  -0.189824  
0.00471542  0.00159706  -0.0101413  -0.612146  -0.0147483  -0.209158  
0.00448196  0.00165965  -0.0100049  -0.61116  -0.0146142  -0.215048  
0.00480288  0.00207872  -0.00954765  -0.573794  0.00531336  -0.196018  
0.00487299  0.00199015  -0.00939232  -0.578766  -0.0207505  -0.176512  
0.00453754  0.00159689  -0.00959036  -0.584115  -0.0224158  -0.214957  
0.00457273  0.0014569  -0.00979352  -0.580099  0.00348739  -0.211296  
0.00484481  0.0015525  -0.00963562  -0.57501  -0.0166043  -0.196761  
0.00531675  0.00120439  -0.0096628  -0.574296  -0.0106383  -0.179024  
0.00471344  0.00126473  -0.00956559  -0.559251  0.0135598  -0.189846  
0.00552675  0.000907294  -0.00943744  -0.560147  0.00870027  -0.188274  
0.00556361  0.00156331  -0.00908703  -0.537637  0.0266653  -0.188904  
0.00532867  0.00111255  -0.00902317  -0.535352  0.0385729  -0.186421  
0.00613233  0.00155404  -0.00885485  -0.530638  -0.0175901  -0.172017  
0.00425745  0.00185862  -0.00910164  -0.535233  0.0328933  -0.172197  
0.00475727  0.00213987  -0.00910164  -0.521078  0.0427815  -0.166232  
0.00453664  0.00251123  -0.00858639  -0.535038  0.0422499  -0.209807  
0.00368398  0.00271855  -0.00813081  -0.514471  0.0541495  -0.151133  
0.00391142  0.00217485  -0.00744631  -0.460687  0.1039  -0.172318  
0.00345024  0.0020881  -0.00741706  -0.474446  0.050402  -0.217864  
0.00411514  0.00271855  -0.00771108  -0.460672  0.00363889  -0.199344  
0.00367747  0.0023935  -0.00790918  -0.477691  0.0123688  -0.176114  
0.00408297  0.00238883  -0.00741299  -0.473039  -0.0066804  -0.166543  
0.00491454  0.0018188  -0.00650527  -0.428765  -0.0581239  -0.296368  
0.00380368  0.00173109  -0.00605775  -0.382626  0.028097  -0.212234  
0.00375695  0.00207601  -0.00618965  -0.409632  -0.037945  -0.18618  
0.00398065  0.00215795  -0.00618965  -0.409629  -0.0379541  -0.207219  
0.00403427  0.00215795  -0.00668861  -0.409617  -0.0247841  -0.207217  
0.00400333  0.00197597  -0.00668861  -0.416217  -0.0513777  -0.200066  
0.00372228  0.00199987  -0.00670243  -0.41653  -0.027135  -0.225102  
0.00306086  0.00206123  -0.00591914  -0.394557  -0.0287688  -0.154805  
0.00334553  0.00162065  -0.00590184  -0.409585  -0.00212852  -0.15463  
0.00370863  0.00164006  -0.00597777  -0.409648  -0.0022908  -0.204247  
0.00343623  0.00171946  -0.00607177  -0.402696  -0.0114169  -0.200907  
0.00386486  0.00171946  -0.00581314  -0.386125  -0.0388091  -0.203035  
0.00364825  0.00112446  -0.00570467  -0.381647  -0.00339404  -0.248112  
