-0.00285671  0.00183812  0  -3.52455e-05  -0.221592  -0.123769  
-0.00268992  0.00155389  0  -2.47768e-05  -0.238338  -0.12372  
-0.00310133  0.00139268  0  -0.00952142  -0.221612  -0.123912  
-0.00282666  0.00106652  -0.000145028  -0.0112278  -0.224248  -0.109969  
-0.00282666  0.000630778  -2.11758e-22  -5.17202e-05  -0.225577  -0.1507  
-0.00295339  0.00056861  0  -0.00660095  -0.225573  -0.150751  
-0.00230904  0.000416508  0.000107721  -9.20653e-05  -0.199876  -0.126133  
-0.00231471  0.000361848  0.000472348  -0.000201885  -0.188374  -0.126137  
-0.00228772  0.000361848  0.000479366  -0.000223053  -0.166075  -0.0979141  
-0.00192839  0.00014371  0.000479366  -0.0002147  -0.161641  -0.091554  
-0.00113718  0.000221464  0.000871828  0.0079706  -0.12404  -0.0896887  
-0.00091744  0.000361848  0.000261172  -0.000288897  -0.0694098  -0.043781  
-2.30068e-05  3.89159e-05  0.000266017  -0.000299891  -0.0694216  -0.0377143  
-2.49917e-05  0.000141879  0.000236353  -0.000277538  -0.063575  -0.0545094  
-0.000576041  0.000361848  0.000153219  -0.000286535  -0.0457192  -0.0277569  
0.000554238  0.000361848  0.000325487  0.00880352  -0.0693896  -0.0392813  
-2.49917e-05  0.000361848  0.000180891  -0.000292885  -0.0118279  -0.0129094  
0.000326218  0.000139799  0.000220556  -0.000305641  -0.0372726  -0.0546289  
0.000241308  3.68566e-05  0.000320455  0.00885961  -0.0288016  -0.0508435  
-0.000289317  -7.06915e-05  0.00013001  0.00343231  -0.0189433  -0.0130326  
-0.00034312  -3.28064e-05  -2.06509e-05  -0.000296968  -0.00862082  0.00298756  
0.000144553  0.000361848  0.00012052  -0.000317612  -0.00230108  -0.00123549  
-2.49917e-05  0.000126911  -0.000254048  -0.00589992  -0.000387562  -0.0216575  
-2.49917e-05  2.41857e-05  0.00012052  -0.000324934  0.00132755  -0.0224982  
0.000618386  -4.90966e-05  -0.000116732  -0.000323532  -0.00753528  -0.043922  
-2.49917e-05  -0.000127113  -7.95637e-05  -0.000328583  0.0016168  -0.044065  
0.000313534  -4.90966e-05  -0.00011986  0.0040359  0.0169073  -0.0340394  
0.00103161  -4.90966e-05  0.00012052  0.0101572  0.0168837  -0.0165246  
0.000597278  -4.90966e-05  3.57084e-06  0.0225277  0.0310832  -0.0165076  
0.00062584  -4.90966e-05  -0.00029006  0.0225512  0.0323913  0.00656873  
0.000811287  -0.000162944  -0.000198537  0.0241033  0.0521294  -0.00350889  
0.000353285  -4.90966e-05  -0.00029006  0.0240946  0.0571385  -0.00347009  
0.00110755  -4.90966e-05  -0.000177493  0.0241051  0.0466033  0.00970968  
0.00062584  -4.90966e-05  -0.00029006  0.0240946  0.0473057  0.000387637  
0.00062584  -4.90966e-05  -0.00029006  0.0240946  0.0571422  0.0070954  
0.00110813  -0.000106564  -0.00029006  0.0240931  0.0469183  0.00381514  
0.000867287  -0.000255336  -0.00029006  0.0240938  0.0571413  -0.0144861  
0.00101608  -0.000329906  -0.00029006  0.0240918  0.0571383  -0.00226879  
0.00159003  -0.000515616  -0.00029006  0.0240959  0.0571447  -0.00231433  
0.000933568  -0.00034731  -0.00029006  0.0240942  0.0571347  -0.00227091  
0.00139146  -0.000203991  5.31141e-05  0.0241372  0.0571246  -0.00231944  
0.00209482  -0.000299956  -0.00029006  0.0292868  0.0607527  0.00346046  
0.00138288  -0.000110695  -0.00029006  0.0345301  0.0658841  -0.0066243  
0.00189444  -0.000515616  -0.00029006  0.0240959  0.0570856  0.0174757  
0.00216777  -0.000338582  -0.00029006  0.0314742  0.0570622  -0.00342421  
0.001686  -0.000132489  -0.00029006  0.0240967  0.0642329  -0.0198443  
0.0019969  -0.000224  -0.00029006  0.024079  0.0732671  -0.0198834  
0.00223651  -0.000238112  1.34731e-05  0.0354334  0.0719648  -0.0199185  
0.00238237  -9.96367e-05  -0.000130249  0.0378771  0.0827828  -0.0199189  
0.00169453  -0.000195105  -0.000181681  0.0344364  0.0835664  -0.000170699  
0.00175253  -0.000313413  -0.000236331  0.0363755  0.0749645  -0.010282  
0.00185629  -0.000364255  -0.000171679  0.0386602  0.0722103  -0.0219483  
0.0015851  -0.000578619  -2.23157e-06  0.0353268  0.0892371  -0.018854  
0.00185629  -0.000738581  -3.99923e-05  0.036869  0.0776189  -0.0110198  
0.00239234  -0.000755661  -0.00029006  0.0377409  0.0784543  -0.00385324  
0.00217772  -0.000730772  -0.00029006  0.0373404  0.0934895  -0.0196015  
0.00225799  -0.000714626  -0.000290061  0.0386619  0.0921551  -0.0196087  
0.00226946  -0.000821416  -0.000290061  0.0240621  0.0770816  -0.0291276  
0.00250737  -0.000714626  -0.000290061  0.0240689  0.0727601  -0.0512332  
0.00184257  -0.00090832  -0.000290061  0.0240563  0.0820005  -0.0393952  
0.00209232  -0.00116835  -0.000290061  0.0290724  0.0840744  -0.0394345  
0.0026527  -0.00114939  -0.000290061  0.024053  0.0967423  -0.0459837  
0.00211531  -0.000997303  -0.000290061  0.029061  0.0949986  -0.0394356  
0.00241643  -0.00114939  -0.000626797  0.0349923  0.103317  -0.031879  
0.00247701  -0.00109661  -0.000290061  0.0417503  0.10329  -0.0411745  
0.00205482  -0.00114939  -0.000435462  0.0414325  0.103325  -0.0394442  
0.00222982  -0.00114939  -0.000290061  0.0352363  0.1033  -0.0219119  
0.00247701  -0.00114939  -0.000454108  0.0365623  0.113884  -0.0145022  
0.00208534  -0.00114939  -0.000392913  0.0425756  0.103319  -0.0232896  
0.00247701  -0.00114939  -0.000290061  0.0444196  0.10329  -0.0424678  
0.00306224  -0.00114939  0.000299636  0.0736118  0.0926153  -0.103134  
0.00317839  -0.00114939  0.000710658  0.0788814  0.141319  -0.0492375  
0.00306224  -0.00146067  0.000710658  0.0788582  0.15654  -0.0452185  
0.00244007  -0.00141755  0.000340029  0.0787653  0.150684  -0.0287261  
0.00292489  -0.00159673  0.000337494  0.0787591  0.153211  0.0036298  
0.00282319  -0.00125365  -0.000120528  0.0786579  0.146499  0.00306633  
0.00249288  -0.000991355  -0.000203209  0.0731589  0.162727  0.0106701  
0.00292628  -0.00108716  0.000206824  0.0787699  0.152014  -0.00598458  
0.00249288  -0.00104246  0.000189552  0.0787605  0.15441  -0.00643617  
0.0029641  -0.00135677  8.34208e-05  0.0787361  0.159783  -0.0065999  
0.00292337  -0.000997814  2.75388e-05  0.078739  0.157217  -0.0215751  
0.00285875  -0.000985062  -2.7886e-05  0.0787102  0.176058  -0.0132679  
0.00339165  -0.00140654  9.00063e-05  0.0787188  0.185064  -0.00672258  
0.00289537  -0.00140653  0.000210893  0.0787531  0.185086  -0.0288788  
0.00311504  -0.00167093  9.78815e-05  0.0787103  0.18509  -0.0289708  
0.00339077  -0.00181016  1.27347e-05  0.0786503  0.169039  -0.0492715  
0.00316944  -0.00130977  0.000122611  0.0712913  0.185077  -0.049164  
0.00358594  -0.00162021  8.25709e-05  0.0662368  0.190103  -0.0328584  
0.00389979  -0.00162974  0.000215965  0.0666796  0.184977  -0.0554787  
0.00314362  -0.00139061  0.000492875  0.0679208  0.191823  -0.0371028  
0.00346489  -0.00181016  0.000492875  0.0707831  0.185026  -0.0270749  
0.00395592  -0.00181016  0.000492875  0.0787928  0.184979  -0.0335599  
0.00372888  -0.00167397  0.000740717  0.0788732  0.184972  -0.0371876  
0.00374375  -0.00151444  0.000492875  0.0695808  0.195269  -0.0111897  
0.0044617  -0.00154859  0.000492875  0.070142  0.189286  -0.0113935  
0.00411391  -0.00140979  0.000492875  0.0787929  0.18499  -0.0297991  
0.00385904  -0.00145491  0.000599683  0.070018  0.201155  -0.00812786  
0.00437119  -0.00150523  0.000582999  0.0640351  0.184922  -0.00827874  
0.00447271  -0.00166452  0.000492875  0.065094  0.184919  -0.0334378  
0.00412184  -0.00150939  0.000343275  0.0607138  0.184944  -0.014471  
0.00461172  -0.00150939  6.59743e-05  0.0641366  0.202654  -0.0117232  
0.00452613  -0.00163005  0.000362124  0.0715376  0.203249  -0.0232252  
0.00437797  -0.00134142  0.000256667  0.0748512  0.180166  -0.0440545  
0.00486458  -0.00150939  0.0004911  0.078786  0.184887  -0.0442035  
0.00433605  -0.00138576  0.000254899  0.0787307  0.188599  -0.0515541  
0.00442478  -0.00150939  6.59743e-05  0.0786696  0.184963  -0.0440837  
0.00491458  -0.00150939  6.59743e-05  0.0737902  0.184916  -0.0442187  
0.00449863  -0.00144839  6.59743e-05  0.0786767  0.184966  -0.0601756  
0.00420606  -0.00150939  6.59743e-05  0.0786696  0.184956  -0.0440595  
0.00472267  -0.00139388  6.59743e-05  0.0786811  0.175426  -0.0535646  
0.00386886  -0.0011621  -0.000152139  0.0713265  0.176008  -0.0623072  
0.00454878  -0.000908294  -0.000364282  0.0714716  0.169465  -0.0603043  
0.00418666  -0.000998265  7.0156e-05  0.0787202  0.184937  -0.0796379  
0.00423926  -0.00116269  -0.000364282  0.0744968  0.18498  -0.0796579  
0.00493949  -0.00119035  -0.000364282  0.0785865  0.184892  -0.0798532  
0.00383866  -0.00119035  -0.000364282  0.0785865  0.185012  -0.0795927  
0.0043546  -0.00119035  -0.000596783  0.0663552  0.195063  -0.0481953  
0.00422409  -0.00119035  -0.000463094  0.0656589  0.206935  -0.0673815  
0.00422409  -0.000976388  -0.000943198  0.0586912  0.216718  -0.0627098  
0.00498127  -0.000763347  -0.000943198  0.0535504  0.215221  -0.0557777  
0.00430615  -0.000640743  -0.000943198  0.0571275  0.203372  -0.0590949  
0.00387  -0.000718317  -0.000943198  0.0571186  0.209532  -0.0524104  
0.00424179  -0.000870505  -0.000871325  0.0571124  0.201117  -0.0422178  
0.00369556  -0.00110677  -0.000875319  0.0571027  0.196842  -0.0420779  
0.00398823  -0.000991111  -0.000943198  0.0447662  0.196823  -0.0332203  
0.00453321  -0.0012064  -0.000768344  0.0450757  0.184009  -0.0520752  
0.00413101  -0.0012064  -0.000943198  0.0451861  0.194181  -0.0727387  
0.00444299  -0.0012064  -0.000756168  0.045791  0.196783  -0.072828  
0.00452037  -0.00114734  -0.000606778  0.0571748  0.192374  -0.0728512  
0.00405709  -0.00104501  -0.000555228  0.0503557  0.196796  -0.0412001  
0.00455125  -0.0012064  -0.00065831  0.0571614  0.196761  -0.0347069  
0.00463702  -0.0012064  -0.000728154  0.0493788  0.196758  -0.0662665  
0.0042201  -0.00113901  -0.000943199  0.040088  0.212487  -0.054209  
0.00483104  -0.0012064  -0.000943198  0.0391607  0.220409  -0.0453552  
0.0050725  -0.0012064  -0.000833353  0.0487744  0.228335  -0.0545038  
0.00435251  -0.00114163  -0.000765779  0.0480035  0.241666  -0.0343427  
0.004956  -0.00140166  -0.000943198  0.0503823  0.234334  -0.0345835  
0.00450136  -0.0012064  -0.000677725  0.0524027  0.234349  -0.0514479  
0.00461475  -0.0012064  -0.000687223  0.0503653  0.234341  -0.0328446  
0.00514402  -0.00115319  -0.000688301  0.0522524  0.22892  -0.0462258  
0.00446053  -0.0010231  -0.000782746  0.0571422  0.234394  -0.0698511  
0.00456488  -0.00085153  -0.000943198  0.0483953  0.223212  -0.0698763  
0.00557617  -0.00092263  -0.000943198  0.0447372  0.231874  -0.0887769  
0.00405542  -0.00104999  -0.000525022  0.0439624  0.234414  -0.0882128  
0.00392122  -0.00048855  -0.000889608  0.0327094  0.248948  -0.0570002  
0.00456039  -0.000879887  -0.000943198  0.0399837  0.244699  -0.0607489  
0.00394394  -0.000842662  -0.000943198  0.0371279  0.249614  -0.0605081  
0.0037958  -0.000848029  -0.000943198  0.0370229  0.257068  -0.0486425  
0.00411102  -0.000894154  -0.000891306  0.0395734  0.247979  -0.0671179  
0.00389708  -0.000724066  -0.000839606  0.042833  0.241085  -0.0583556  
0.00393367  -0.000819637  -0.000943198  0.0390402  0.246999  -0.0506922  
0.00494511  -0.000886282  -0.000943198  0.0433702  0.240677  -0.0318835  
0.00479451  -0.000858906  -0.00138275  0.0463025  0.236862  -0.0505795  
0.004429  -0.000652769  -0.000970495  0.0392976  0.248951  -0.0353285  
0.00513423  -0.000616544  -0.00138275  0.0392635  0.248608  -0.0432643  
0.00431133  -0.000516261  -0.00115806  0.0392872  0.263545  -0.0492097  
0.00502764  -0.000516261  -0.00138275  0.0324903  0.256363  -0.0263775  
0.00515619  -0.000516261  -0.00127185  0.034182  0.264276  -0.0472983  
0.00462573  -0.000461196  -0.00138275  0.0272743  0.270651  -0.04708  
0.00535779  -0.000516261  -0.00155759  0.0301555  0.277538  -0.0473999  
0.00542622  -0.000516261  -0.00138704  0.0318206  0.27752  -0.0702066  
0.0048773  -0.000516261  -0.0016149  0.0280377  0.277503  -0.0335261  
0.00575836  -0.000639935  -0.00181208  0.0316447  0.277479  -0.045863  
0.00508608  -0.000516261  -0.00154075  0.0289113  0.258156  -0.0529053  
0.00525241  -0.000363148  -0.00181208  0.0222054  0.267204  -0.0351946  
0.00575466  -0.000516261  -0.00181208  0.0188111  0.265225  -0.0555953  
0.00527197  -0.00034464  -0.00167549  0.0160555  0.259013  -0.0678338  
0.00516957  -0.000341841  -0.00176171  0.0091621  0.27046  -0.047346  
0.00606661  -0.000383478  -0.00181208  0.0139176  0.271095  -0.0766144  
0.00551366  -0.000431933  -0.00181208  0.016505  0.255332  -0.0875362  
0.00606661  -0.000343168  -0.00181208  0.00816034  0.277189  -0.059595  
0.00637363  -0.000343168  -0.00188501  0.0125059  0.254235  -0.0873474  
0.00600888  -0.000343168  -0.00204357  0.0132999  0.27165  -0.0613816  
0.00663529  -0.000457423  -0.0021629  0.0139181  0.265901  -0.0652597  
0.00606661  -0.000314009  -0.00211375  0.0145166  0.267194  -0.0906061  
0.00647506  -0.000414338  -0.0020812  0.0150374  0.267291  -0.0536224  
0.00646502  -0.000160958  -0.00182331  0.0193528  0.261001  -0.0723508  
0.00543933  -0.000286756  -0.00167705  0.0172756  0.251926  -0.0771492  
0.0065263  -0.000259917  -0.0018956  0.0145334  0.244174  -0.0705642  
0.00638221  -0.000287935  -0.00211806  0.021415  0.249173  -0.0846366  
0.00601095  -0.000222393  -0.00201986  0.0148234  0.249338  -0.0642201  
0.00657863  -0.000315206  -0.00201519  0.00469725  0.236418  -0.0787161  
0.00653735  9.27043e-05  -0.00193522  -0.000559301  0.232369  -0.116565  
0.0061578  -0.00033392  -0.00182054  -0.000536438  0.226693  -0.0985262  
0.00676341  -0.000349414  -0.0022276  -0.000638881  0.218934  -0.101817  
0.00695108  -0.000401822  -0.00192661  0.00703374  0.236807  -0.126047  
0.00622188  -0.000401822  -0.00166145  0.0102666  0.237261  -0.10834  
0.00668496  -0.000548102  -0.0015459  0.00619598  0.237723  -0.106421  
0.00682204  -0.000401822  -0.00192616  0.0127772  0.22295  -0.112422  
0.00668496  -0.000401822  -0.001982  0.0134948  0.233028  -0.12313  
0.00906287  -0.000666078  -0.00169981  0.0285291  0.179325  -0.182786  
0.00831708  -0.000424842  -0.00179053  0.0139517  0.222118  -0.186147  
0.00875592  -0.000436032  -0.00174593  0.0252089  0.236572  -0.178425  
0.00774072  -0.000505255  -0.00211492  0.0134424  0.217557  -0.203103  
0.00755257  -0.000436032  -0.00218361  0.00748871  0.223928  -0.15598  
0.00725703  -0.000436032  -0.00205433  0.016467  0.211696  -0.150443  
0.00733965  -0.00051001  -0.00200872  0.0237024  0.193852  -0.173968  
0.00725911  -0.000436033  -0.00204746  0.0242449  0.207332  -0.173927  
0.00733506  -0.000436033  -0.00207223  0.0208308  0.220267  -0.16428  
0.00776561  -0.000831714  -0.00203563  0.0222723  0.229466  -0.156779  
0.00728262  -0.000436033  -0.00216483  0.0185577  0.220224  -0.149909  
0.00776561  -0.000664866  -0.00192184  0.025702  0.216373  -0.159497  
0.00738623  -0.000592548  -0.00200076  0.0296326  0.21261  -0.175954  
0.00720328  -0.000436033  -0.0022055  0.0252082  0.20833  -0.173607  
0.00794333  -0.000699889  -0.00202351  0.0209055  0.199261  -0.189872  
0.00727357  -0.000436033  -0.00225096  0.0129121  0.20972  -0.191457  
0.00741181  -0.000668028  -0.00208183  0.00853187  0.220253  -0.174546  
0.00788641  -0.000893287  -0.00219744  0.0153008  0.229016  -0.19755  
0.0073728  -0.000954984  -0.00205994  0.0150006  0.232164  -0.173383  
0.00770721  -0.00083942  -0.00200696  0.0173976  0.236009  -0.160814  
0.00797755  -0.000954984  -0.00185884  0.0253263  0.247414  -0.173174  
0.00777782  -0.000954984  -0.00202621  0.0192814  0.253287  -0.174669  
0.0076629  -0.000954984  -0.00227495  0.00374704  0.237135  -0.188225  
0.00861082  -0.000904974  -0.00253401  0.00514856  0.237083  -0.200221  
0.00812791  -0.000954985  -0.00264347  0.000104475  0.230136  -0.212632  
0.00789885  -0.000954985  -0.00277192  -0.0121886  0.224738  -0.190498  
0.00911417  -0.000855361  -0.00295177  -0.0153299  0.22634  -0.21609  
0.00869046  -0.000895903  -0.00291089  -0.0172972  0.222088  -0.219441  
0.00860499  -0.000954985  -0.00321043  -0.0191301  0.235607  -0.189507  
0.00961069  -0.00107472  -0.00342905  -0.019717  0.241175  -0.210829  
0.00841283  -0.000954985  -0.00326002  -0.0286373  0.241305  -0.191525  
0.00928714  -0.000954985  -0.00343101  -0.0386065  0.241229  -0.181612  
0.00948008  -0.000978064  -0.0037371  -0.0379292  0.241199  -0.205353  
0.00890651  -0.000719458  -0.00411253  -0.0562539  0.248522  -0.195408  
0.0104272  -0.00012477  -0.0051263  -0.0787174  0.24202  -0.215713  
0.00962967  -6.34257e-05  -0.0050655  -0.0787  0.241479  -0.205633  
0.0095118  -0.00012477  -0.00506109  -0.084068  0.245071  -0.182453  
0.010397  -0.000557923  -0.00529606  -0.0816397  0.247399  -0.200854  
0.00937824  -0.000161998  -0.00520568  -0.0788059  0.23862  -0.191286  
0.010278  -0.000269216  -0.00536172  -0.0788254  0.244333  -0.164467  
0.0102119  -0.000302793  -0.00549036  -0.0809429  0.247359  -0.172788  
0.00955548  -0.000392839  -0.0052569  -0.0877339  0.247399  -0.155782  
0.00951057  -0.000198959  -0.00551481  -0.0969416  0.216247  -0.173313  
0.0102837  -0.000303335  -0.00555227  -0.0988292  0.23747  -0.175415  
