0.00136979  -1.52708e-22  -0.000704239  7.39552e-05  -0.0161269  -0.00747307  
0.000958858  1.05879e-22  -0.000704239  7.39554e-05  5.46099e-05  0.0113014  
0.00100549  -4.68285e-23  -0.000704239  -0.0162457  -0.0449592  -0.00900731  
0.000611277  5.29395e-23  -0.00070424  7.39556e-05  -0.0380784  -0.0030603  
0.000217307  -0  -0.000237838  -0.0134076  -0.0264605  -0.00546544  
0.000933803  -0  -0.000489664  -0.01057  -0.0380329  -0.0183937  
0.000396553  -0  -0.000187157  4.03799e-05  -0.0057267  0.00578156  
0.000687715  -7.90883e-05  -0.000319298  6.7508e-05  -0.0380402  -0.00755347  
9.23554e-05  -0  3.80292e-05  2.57566e-05  -0.014228  -0.00313159  
0.00085497  5.29396e-23  -0.000312609  5.18989e-05  -0.0380581  -0.0376096  
0.000326203  -1.30428e-23  -0.000240597  -0.00625859  -0.00306989  -0.0132797  
0.000829482  -0  -0.000216668  -0.00690224  -0.034657  -0.028834  
0.00025377  -0  -0.00020463  4.03797e-05  -0.00101504  -0.00721424  
0.000736035  -0.000190788  -0.000302781  4.94391e-05  -0.0441482  -0.0310688  
0.000396553  -0  3.80292e-05  -0.0103814  -0.00497113  -0.0180531  
0.000682656  -0.000228029  -0.000341498  -0.0039934  -0.0489887  -0.0180251  
0.000164976  -0.00017029  -6.71814e-05  4.22773e-05  -0.0195401  -0.013153  
0.000784155  2.37617e-24  -0.000466365  8.01818e-05  -0.0380431  -0.0180113  
0.000345635  -0.000230845  3.80292e-05  3.09069e-05  -0.0225512  -0.018057  
0.000632314  -0.000111371  3.80292e-05  3.26506e-05  -0.0357937  -0.018045  
0.000396553  5.44659e-05  3.80292e-05  3.12284e-05  0.0101177  -0.00308512  
0.000457949  5.44659e-05  -0.000257222  0.0172662  0.0243186  -0.0129374  
0.000252771  -0.000115824  3.80292e-05  0.00338451  -0.00895889  -0.0159011  
0.000264796  -2.07368e-05  3.80292e-05  2.64322e-05  -0.00350849  -0.0158944  
0.000199398  5.44659e-05  3.80292e-05  3.12284e-05  -0.00036249  -0.0252068  
5.44647e-05  5.44659e-05  3.80292e-05  3.12284e-05  0.0155559  -0.0104188  
0.000260102  -6.83311e-05  3.80292e-05  3.54449e-05  -0.0172512  -0.0104326  
0.000396553  5.44659e-05  3.80292e-05  0.0029371  -0.0245199  -0.0104295  
4.28941e-05  -3.82634e-05  3.80292e-05  0.00261835  -0.00526273  0.0215491  
-0.000298304  -8.56944e-06  3.80292e-05  0.0054844  -0.00239506  0.0165955  
-5.91275e-05  -0.000109493  -0.000233535  0.00674498  -0.0312415  -0.0232987  
-0.000348532  -4.90523e-05  3.80292e-05  0.000446203  -0.00329192  0.00131156  
9.50079e-05  -0.000258614  -0.000167798  0.00798732  -0.044576  -0.00717375  
-5.91275e-05  5.44659e-05  3.80292e-05  0.000105868  -0.00793018  0.00503833  
-5.91275e-05  -0.000124762  3.80292e-05  -2.76612e-05  -0.0430466  -0.00718004  
-5.91275e-05  -0.000133688  3.80292e-05  -2.21729e-05  -0.00780798  3.31149e-05  
4.93704e-06  5.44659e-05  3.80292e-05  -2.87692e-05  -0.0312448  -0.0160219  
-0.000171814  -3.90776e-05  3.80292e-05  -2.93329e-05  -0.0122905  -0.00718474  
6.02869e-05  5.44659e-05  3.80292e-05  -2.87692e-05  -0.0312434  -0.0279377  
-0.000117295  0.000304466  3.80292e-05  -3.76776e-05  0.00736089  0.00520276  
0.000130452  5.44659e-05  -0.000170481  -2.76103e-05  -0.0301303  -0.0152656  
-5.91275e-05  0.000110524  3.80292e-05  -0.00498577  0.00397785  -0.00860256  
0.000106477  5.44659e-05  3.80292e-05  -2.87692e-05  -0.0220424  -0.0152627  
-5.91275e-05  5.44659e-05  -0.000151852  -2.33361e-05  6.04666e-05  -0.0152667  
0.000233162  0.000147602  -0.000174606  -2.25529e-05  -0.0220436  -0.0152585  
9.15886e-05  0.000123924  -0.000200905  -2.15538e-05  -0.0183688  -0.0213996  
-5.91275e-05  5.44659e-05  -8.79211e-05  0.00281758  0.00218356  -0.0101843  
-5.91275e-05  5.44659e-05  -0.000241674  -2.53812e-05  -0.0220442  -0.0292818  
-5.91275e-05  0.000157036  -0.000114151  -2.77511e-05  -0.00627401  -0.0211926  
0.000105991  5.44659e-05  -0.000307386  -1.99274e-05  -0.0382884  -0.0494714  
1.31562e-06  0.000105387  3.80292e-05  -2.87283e-05  -0.00728681  -0.0292837  
0.000310522  5.44659e-05  -0.000213452  -2.75874e-05  -0.0330806  -0.0442618  
-0.000216062  5.44659e-05  -0.000226016  -2.97548e-05  -0.00594679  -0.0159363  
0.000271941  5.44659e-05  -0.000406678  -2.26346e-05  -0.0326388  -0.0360888  
-0.000194874  0.000209651  -0.000213642  -3.80544e-05  -0.00240741  -0.0198183  
0.000199553  5.44659e-05  -0.00025581  -3.54095e-05  -0.0229174  -0.0368475  
0.000170433  5.44659e-05  3.80292e-05  0.0118396  0.0020769  -0.0129238  
0.000339074  5.44659e-05  -0.000333755  0.00550182  -0.0295611  -0.0292717  
0.000242579  5.44659e-05  -0.000340496  0.00127298  -0.014471  -0.0237667  
-5.91275e-05  5.44659e-05  -8.24499e-05  0.00246771  -0.0295459  -0.0292818  
0.000181172  0.000112392  -0.000301561  0.00521698  -0.015694  -0.0318206  
-3.80196e-06  0.000235347  -0.000160726  0.00014148  -0.0104495  -0.0107942  
0.000390657  5.44659e-05  -0.000273763  0.00298306  -0.0465127  -0.0474445  
0.000139079  0.000205265  -0.000207315  0.00288798  0.00524324  -0.030307  
0.000592  0.000201038  -0.000154341  0.00295824  -0.0351435  -0.0567407  
0.000168088  0.000401656  3.80292e-05  0.000202308  -0.00707518  -0.0431964  
0.000727095  0.000176988  -0.000145806  0.00115414  -0.035163  -0.0567211  
0.00013883  5.44659e-05  3.80292e-05  -0.000976821  -0.0105842  -0.0350522  
0.000344938  -0.000178617  -0.000120144  -0.000320405  -0.0311166  -0.0467126  
9.52279e-05  -7.54932e-05  -0.000103342  0.0026437  -0.00572635  -0.0222125  
0.000344938  -0.000107124  -0.000263979  0.00539395  -0.0351464  -0.0319995  
0.000283595  0.000215367  -0.000284153  0.00991884  -0.0246914  -0.0270365  
4.05214e-05  0.000163319  3.80292e-05  0.00136743  -0.0189375  -0.0429871  
0.000344938  0.000215367  -0.000315515  0.00137281  -0.0440412  -0.0342233  
6.80733e-05  0.00011234  3.80292e-05  0.00136791  -0.0230054  -0.0382752  
0.000552482  -0.000111515  -0.000214129  0.00136071  -0.0438776  -0.0382684  
-6.1074e-05  1.65219e-05  3.80292e-05  0.00134462  -0.00167686  -0.02599  
0.000344938  -0.000146987  -0.000195175  0.00132477  -0.0351411  -0.0411577  
0.000549169  -5.88827e-06  3.80292e-05  0.00132678  -0.0276301  -0.0653684  
0.00123673  -0.000108205  -0.000230768  0.00132195  -0.0500669  -0.0745235  
0.000801952  0.000225762  3.80292e-05  0.00714276  -0.0123491  -0.0646744  
0.00152886  -8.89782e-05  -0.000394432  0.00773263  -0.0352544  -0.0721933  
0.0011779  0.000225762  -0.000354502  0.00958912  -0.00985462  -0.042395  
0.00151807  1.43891e-05  -0.000363223  0.00832428  -0.0315854  -0.0597542  
0.00123933  0.000225762  -0.0001533  0.00297033  -0.0224133  -0.0681063  
0.00137639  0.000165515  -0.000204358  0.00165888  -0.0484162  -0.0817243  
0.00169442  -8.55566e-05  -0.000363695  0.00289752  -0.0471754  -0.0864675  
0.00109979  0.000225762  3.80292e-05  0.0066033  -0.0284714  -0.0535504  
0.00120655  0.000225762  -0.000315025  0.00293154  -0.0514405  -0.0589694  
0.00144045  0.000225762  3.80292e-05  0.00292969  -0.051464  -0.062374  
0.00140776  0.000225762  3.80291e-05  0.00292969  -0.0514608  -0.0721718  
0.00165231  -0.000404207  -0.000378707  0.00283766  -0.0514973  -0.0790841  
0.00106529  8.15347e-06  -0.000147505  0.00510848  -0.0266258  -0.0604108  
0.00157292  8.15347e-06  -0.000224447  0.00288597  -0.054918  -0.0705057  
0.00134587  0.000220542  3.80291e-05  0.00291702  -0.0327944  -0.0618305  
0.00185815  8.15347e-06  -0.00024846  0.00289693  -0.0514867  -0.06888  
0.00169521  8.15347e-06  3.80291e-05  0.00289191  -0.0514737  -0.0842915  
0.00219326  8.15347e-06  3.80291e-05  0.00289191  -0.067749  -0.074878  
0.00190589  0.000205742  -0.00011778  0.0029135  -0.0515072  -0.0690862  
0.00228852  8.15347e-06  -0.000306267  0.00291054  -0.0456721  -0.0604648  
0.00228852  0.000295842  -0.000345915  0.00291591  -0.0515366  -0.0661274  
0.0017974  0.000165376  -0.00020555  0.00290283  -0.0251442  -0.0554254  
0.00198851  0.000209322  -0.000287932  0.00292394  -0.0515108  -0.0682599  
0.00198449  0.000246298  -9.68863e-05  0.00291421  -0.0224438  -0.0657588  
0.0023574  0.000181411  -0.000243013  -0.00157399  -0.0570998  -0.0835436  
0.0019169  0.00049159  -0.00026079  -0.003015  -0.0246995  -0.0657657  
0.00261405  0.000392894  -0.000366302  0.00292843  -0.0515667  -0.0920921  
0.00206435  0.000594225  -0.000347181  0.00294846  -0.0243585  -0.0616539  
0.00283733  5.6609e-05  -0.000381666  0.0029071  -0.0613545  -0.0836284  
0.00218931  0.000176315  -0.000280871  0.00290242  -0.030973  -0.0592818  
0.00255099  0.000179715  -0.000384428  0.00290019  -0.0515636  -0.0736313  
0.00201383  0.000179715  3.80291e-05  0.00288127  -0.0362492  -0.0736438  
0.0027389  0.000179715  -0.000448735  0.00290094  -0.05158  -0.078905  
0.00216091  0.000340214  -0.000301059  0.00289749  -0.0285406  -0.0682726  
0.00264947  0.000179715  -0.000386193  0.00289854  -0.058978  -0.0846952  
0.00234178  0.000326723  -3.37201e-05  0.00289315  -0.0392278  -0.073622  
0.00285643  0.000194401  -0.000365329  0.00287549  -0.0516276  -0.0869955  
0.00219938  0.000338493  -0.000280312  0.00288501  -0.0327574  -0.0737341  
0.00264275  0.000257146  -0.000410715  0.0028861  -0.051609  -0.0908334  
0.00245361  0.000642151  -0.000399821  -0.0016413  -0.0402202  -0.0806856  
0.00314758  0.000357121  -0.000469929  -0.00248097  -0.0596539  -0.100721  
0.00275396  0.000475649  -0.000370246  -0.00442424  -0.0516249  -0.100748  
0.00264275  0.000127384  -0.000567393  -0.00179521  -0.0516104  -0.0812234  
0.00237312  0.000127384  3.80291e-05  0.00285129  -0.0415387  -0.0858746  
0.00259113  0.000127384  -0.000165123  0.00285555  -0.0516027  -0.0911101  
0.00235814  0.000127384  -0.000119114  0.00285091  -0.0370885  -0.0863972  
0.00276702  0.000127384  -0.000175128  0.00285274  -0.043609  -0.0644066  
0.00230658  0.000398771  3.80291e-05  0.00286342  -0.0319717  -0.0707069  
0.00283948  0.000383714  -0.000190463  0.00286901  -0.0480948  -0.0660202  
0.00290102  0.000263778  -0.000179774  0.00286317  -0.036562  -0.0492787  
0.00246088  0.000336238  -0.000208324  0.0028617  -0.0236222  -0.0631624  
0.00310167  0.000261341  -0.000427805  0.00286329  -0.0516257  -0.0678035  
0.00311085  0.000137305  -0.000420081  0.00069625  -0.0516395  -0.0933677  
0.00278492  0.000286483  -0.00037032  0.00283135  -0.0353336  -0.0784388  
0.0030847  9.72202e-05  -0.000387605  0.00283464  -0.0516242  -0.0923064  
0.00266576  0.000133954  -0.000354021  0.00285154  -0.0364011  -0.0698379  
0.00322635  0.000133954  -0.000382812  0.00286352  -0.0637993  -0.087119  
0.00316583  0.000133954  -0.000413212  0.00285571  -0.0516491  -0.0843128  
0.00304784  0.000541767  -0.000385529  0.0028971  -0.046875  -0.0871221  
0.00398732  0.000225483  -0.000647629  0.00284159  -0.0654749  -0.112637  
0.0033084  0.000541767  -0.000503794  0.00291029  -0.0441259  -0.0893583  
0.00333886  0.000302709  -0.000503794  0.00288137  -0.0610871  -0.105412  
0.00259153  3.96013e-05  -0.000503794  -0.00310916  -0.0281222  -0.108998  
0.00326238  7.39877e-05  -0.000569759  0.00285459  -0.0516968  -0.109048  
0.002867  -2.84507e-05  -0.000503793  0.00286342  -0.0268902  -0.0829309  
0.00349537  6.35357e-05  -0.000253793  0.00285558  -0.0517367  -0.0830556  
0.00308968  0.000302153  -0.000332492  -0.00043031  -0.0267106  -0.0784409  
0.00354718  0.000554275  -9.95134e-05  0.00291517  -0.0210486  -0.0806182  
0.00363838  0.000554275  -0.000503793  0.00290268  -0.0451331  -0.0993601  
0.00375127  0.000258118  -0.000503794  0.00288194  -0.0438018  -0.0840746  
0.00368562  0.000201935  -0.000171997  0.00286317  -0.0385584  -0.0927133  
0.00353564  0.000252587  -0.000147809  -0.00855485  -0.0211239  -0.0858097  
0.00410142  0.000143443  -0.000503794  0.00283658  -0.0497844  -0.124304  
0.00381246  0.000452939  -0.000503794  0.00289122  -0.026218  -0.089551  
0.00394539  0.000554275  -0.000503794  0.00290268  -0.051811  -0.0938937  
0.00394539  0.000554276  -0.000503794  -0.00283385  -0.040858  -0.0812028  
0.00435408  0.000130562  -0.000503794  0.00284729  -0.0428534  -0.0934231  
0.0051468  0.000554276  -0.000503794  0.00290268  -0.0238965  -0.137798  
0.00539536  0.000302214  -0.000702568  0.00284142  -0.0520627  -0.149499  
0.00554976  0.000554276  -0.000503794  0.00290268  -0.0105551  -0.126016  
0.00560456  0.000205531  -0.000746031  -0.00282424  -0.040939  -0.141839  
0.00522155  0.000554276  -0.000503794  -0.0075262  -0.0186001  -0.145068  
0.00593841  0.000234579  -0.000503794  -0.00878983  -0.036681  -0.180121  
0.00553233  0.000277541  -0.000503794  -0.0091271  -0.0119633  -0.17152  
0.00553186  0.000207049  -0.000503794  -0.00393113  -0.0265339  -0.167142  
0.00591636  0.000554276  -0.000503794  0.00290268  -0.0410356  -0.188934  
0.00676805  0.000554276  -0.000503794  -0.00056608  -0.0412226  -0.184831  
0.00665157  0.000554276  -0.000503794  -0.0112784  -0.0626951  -0.188202  
0.00598645  0.000554276  -0.000503794  0.00290268  -0.0411036  -0.141219  
0.00707143  0.000411155  -0.000859495  0.00291404  -0.0768564  -0.163878  
0.00656656  0.000373206  -0.000503795  0.00288746  -0.0608875  -0.132132  
0.00613208  -0.000251558  -0.000503795  -0.0139953  -0.0607522  -0.160265  
0.00505065  0.000236487  -0.000503795  -0.0315497  -0.0370199  -0.16035  
0.00633322  0.000230138  -0.00094148  -0.0315281  -0.0803079  -0.205463  
0.00599264  0.000490647  -0.000800844  -0.0155787  -0.0517229  -0.151552  
0.00668579  0.000199936  -0.000800844  -0.0124086  -0.0540775  -0.170249  
0.00647384  7.91597e-05  -0.000800844  -0.00601258  -0.0608858  -0.155355  
0.00607463  0.000266385  -0.00048569  -0.0155861  -0.0131842  -0.15533  
0.00647384  0.000435375  -0.000800844  -0.0148311  -0.0382738  -0.17172  
0.00647384  0.000490647  -0.00063493  -0.0222386  -0.0264208  -0.190452  
0.00715725  0.000249577  -0.000742451  -0.0225863  -0.0329053  -0.197664  
0.00634538  0.000368736  -0.000473952  -0.0216799  -0.0327673  -0.171676  
0.00644107  0.000173218  -0.000589881  -0.0194553  -0.0351042  -0.161804  
0.00652488  0.00021438  -0.000800844  -0.0186588  -0.043043  -0.191078  
0.00700054  0.000301591  -0.000800844  -0.0227731  -0.049817  -0.195404  
0.00670277  0.000319952  -0.000722276  -0.01335  -0.0468621  -0.192673  
0.00732535  9.07328e-05  -0.000800844  -0.0185007  -0.0572007  -0.203588  
0.0065877  0.000191527  -0.000616506  -0.0209813  -0.0271691  -0.2066  
0.0070176  9.66306e-05  -0.000800844  -0.016677  -0.0508558  -0.232279  
0.00650439  0.000388046  -0.000800844  -0.0220742  -0.0249018  -0.227786  
0.0072135  0.000490647  -0.000800844  -0.0230523  -0.0329184  -0.243099  
0.006976  0.00043445  -0.000295394  -0.026043  -0.0251917  -0.224399  
0.00717692  0.000333096  -0.000750602  -0.0219269  -0.0517292  -0.198606  
0.00693871  0.000490647  -0.000677024  -0.026099  -0.0534416  -0.19414  
0.00738962  0.000234402  -0.000616131  -0.0261445  -0.0521026  -0.185749  
0.00742787  0.000147696  -0.000452993  -0.0261373  -0.0539932  -0.182815  
0.00720979  0.000313112  -0.000640383  -0.0261029  -0.032888  -0.178272  
0.00736061  0.000512475  -0.000800843  -0.00918955  -0.0459531  -0.212599  
0.0073839  0.000146937  -0.000800843  -0.00927193  -0.0308077  -0.202903  
0.00755274  0.000150453  -0.000681837  -0.0201197  -0.0477063  -0.222582  
0.00743791  0.00028907  -0.000411873  -0.00921694  -0.0328944  -0.223327  
0.00791436  8.68746e-05  -0.000726672  -0.0092844  -0.0330198  -0.213228  
0.00751346  8.0099e-05  -0.000800843  -0.00929141  -0.0329276  -0.213299  
0.00766755  0.000191158  -0.000800843  -0.0157672  -0.0459428  -0.22701  
0.00767586  0.000228593  -0.000889809  -0.00925587  -0.041903  -0.224719  
0.00800824  5.99332e-05  -0.000800843  -0.00929868  -0.0454357  -0.223542  
0.00753453  0.000325046  -0.000800843  -0.00923206  -0.0201426  -0.198869  
0.00812934  0.000226715  -0.000800843  -0.0092739  -0.0377325  -0.233699  
0.00838015  0.000512475  -0.000800843  -0.00918955  -0.00643442  -0.213602  
0.00866553  0.000237597  -0.000800843  -0.00925897  -0.0155176  -0.216263  
0.00866553  0.000406723  -0.000800843  -0.00920985  -0.0131033  -0.218093  
0.00823862  0.000512475  -0.000800843  -0.00918955  -0.0130214  -0.19683  
0.008876  0.000110484  -0.00091504  -0.00928213  -0.0131456  -0.201788  
0.00866553  0.000512475  -0.000800843  -0.00918955  -0.0131033  -0.187273  
0.00866553  0.000194188  -0.000800843  -0.0068871  -0.0131033  -0.167256  
0.00866553  -1.07231e-05  -0.000800843  -0.00928467  -0.0339171  -0.186792  
0.00866553  0.000244002  -0.000800843  -0.00923831  -0.0131033  -0.175773  
0.00896698  5.78683e-05  -0.00121572  -0.00927689  -0.0365764  -0.202966  
0.00897232  0.000439414  -0.000800843  -0.00920386  -0.0131636  -0.180132  
0.00949215  0.000114446  -0.00123039  -0.00930879  -0.0310028  -0.212706  
0.00893959  0.000406484  -0.000800843  -0.00921011  0.0158981  -0.187013  
0.00955756  0.000206837  -0.00141443  -0.00932179  -0.00404127  -0.204217  
0.00944572  0.000512475  -0.00128241  -0.00923472  0.0124605  -0.183467  
0.00980945  0.000104068  -0.00128241  -0.0140022  -0.013437  -0.221239  
0.00938589  0.000339259  -0.00128241  -0.00926608  0.00668162  -0.196518  
0.00957633  9.27898e-05  -0.00128241  -0.00666482  -0.0219171  -0.206127  
0.0094558  0.000298017  -0.00114553  -0.00926711  0.0115267  -0.179429  
0.00983026  0.000186225  -0.00149172  -0.0092902  -0.0194752  -0.192423  
0.00962253  0.000317098  -0.00128241  -0.00926352  -0.00385745  -0.185079  
0.0100803  6.48093e-05  -0.00138155  -0.00679297  -0.026847  -0.213925  
0.00946643  0.000273675  -0.00128241  -0.00927204  -0.00227014  -0.180158  
0.0100803  0.00011032  -0.00128241  -0.00929154  -0.0145565  -0.201855  
0.00988588  8.56077e-05  -0.00107804  -0.00927629  -0.0109144  -0.17618  
0.0100218  -0.000222399  -0.00118633  -0.00542287  -0.0198579  -0.187296  
