1.17878e-05  -2.33515e-24  -0.00137843  -0.0167874  -0.0765545  -0.0419666  
0.000258969  -0.000191838  -0.00122826  -0.0142024  -0.0305967  -0.0410003  
0.000258969  -0  -0.00122826  -0.011487  -0.0554868  -0.0289497  
2.748e-05  -0  -0.000986732  -0.0116889  -0.0522753  -0.024188  
0.000137967  -0  -0.000824296  0.000122938  -0.0522735  -0.0241693  
-7.88475e-05  -7.97897e-05  -0.0010849  -0.0337474  0.000355571  -0.051543  
-0.000518632  -0  -0.000925447  -0.0247036  -0.0588954  -0.0824317  
-0.000947629  -0  -0.000548785  -0.00726898  -0.0557095  -0.0787045  
-0.00061665  -0  -0.000122486  0.00596727  -0.0588786  -0.0712646  
-0.00061665  -6.9339e-05  -0.000528239  -0.00214394  -0.0283724  -0.0839237  
-0.000423868  0.000107967  -0.000528239  -0.00212783  -0.0588989  -0.0703479  
-0.000526152  4.86626e-05  -0.000252533  -0.00213837  -0.0244327  -0.0588792  
-0.000238943  5.49545e-05  -0.000191314  -0.00214026  -0.0115115  -0.045262  
-0.00039132  5.49545e-05  -0.000191314  0.0079451  -0.0360424  -0.0314903  
-0.000491861  5.49545e-05  -0.000191314  0.00946781  -0.034875  -0.0161182  
-0.00139016  5.49545e-05  0.000193684  -0.0181752  0.0243717  -0.0245088  
-0.00127961  -0.000220838  -1.54624e-05  -0.00211766  -0.0615698  -0.0475997  
-0.00100746  5.49545e-05  -1.54624e-05  -0.00211817  -0.0292833  -0.00886312  
-0.000489807  5.49545e-05  -1.54624e-05  0.00277023  -0.0227352  0.00285052  
-0.000474865  5.49545e-05  -1.54624e-05  -0.00211817  -0.00196071  -0.00673629  
-6.22155e-05  5.49545e-05  -1.54624e-05  0.00159714  -0.00375096  -0.000810575  
1.54772e-05  5.49545e-05  -1.54624e-05  -0.00211817  0.0082496  0.00288305  
-0.000637122  5.49545e-05  -1.54624e-05  -0.00211817  0.0126442  0.00287526  
-0.000136695  5.49545e-05  -1.54624e-05  0.0117587  -0.0185686  0.0155428  
-0.000158934  5.49545e-05  -1.54624e-05  -0.00211817  0.0285577  -0.0167815  
0.000112008  5.49545e-05  -1.54624e-05  -0.00211817  0.00729853  0.00893511  
-7.77943e-05  -0.000314955  -0.000160352  -0.00210248  0.00521427  0.00707359  
-4.68143e-05  5.49545e-05  -1.54624e-05  -0.00211817  0.00729314  0.0194045  
-8.42654e-05  -0.000219582  -1.54624e-05  -0.00210726  0.0072907  0.0298306  
-0.00016309  -8.33435e-05  0.000230721  -0.00210892  0.0155392  0.0324861  
-0.000315269  4.92493e-05  0.000285014  -0.0130454  0.0407667  0.032486  
-0.000175029  -9.34037e-05  0.000716487  -0.0120672  0.00727777  0.0324862  
-8.61807e-05  -1.68679e-05  0.000659395  -0.0021231  0.04314  0.0324799  
-0.000581307  -2.62724e-05  0.000431024  -0.0147961  0.0438285  0.0300949  
-0.000348021  7.73966e-05  0.000415065  -0.00214627  0.0385444  0.0289955  
-0.000581307  1.67277e-06  0.000659395  -0.00212823  0.0302736  0.0324962  
-0.00124187  -0.000206939  0.000659395  0.00946019  0.0607539  0.0110347  
-0.000483029  -0.000244301  0.000659395  0.011779  0.0449841  0.0400414  
-0.000373831  -9.66677e-05  9.37101e-05  -0.02191  0.05712  0.0560912  
-0.000373831  -9.66677e-05  9.37101e-05  -0.0450476  0.0607815  0.103001  
-0.000373831  -9.66677e-05  9.37101e-05  -0.0450476  0.0607815  0.103001  
-0.000373831  -0.000241151  9.37101e-05  -0.0367667  0.0607815  0.110191  
-0.000373831  -9.66677e-05  -0.000456121  -0.0451178  0.0836571  0.130368  
0.000189279  -9.66677e-05  -0.000456121  -0.0451178  0.0832515  0.130297  
4.44673e-05  -9.66677e-05  -0.00101777  -0.0631627  0.0921245  0.165364  
-0.000444792  0.00103022  -0.00321663  -0.189819  0.142074  0.188996  
-5.25213e-05  0.000972134  -0.00351422  -0.207503  0.15354  0.211233  
-5.25213e-05  0.000643313  -0.00359717  -0.199584  0.153523  0.214647  
-0.0004765  0.000799687  -0.00358209  -0.207485  0.188794  0.210674  
-0.0004765  0.000643313  -0.00391178  -0.213457  0.15295  0.222916  
-0.000607107  0.000643313  -0.00391178  -0.217892  0.191886  0.227888  
1.55241e-05  0.000643313  -0.00391178  -0.220578  0.182776  0.247231  
-0.000225114  0.000643313  -0.00391178  -0.223727  0.17999  0.250464  
-0.000378827  0.000643312  -0.00391178  -0.216297  0.175442  0.275608  
-0.000317249  0.000643312  -0.00427914  -0.216765  0.193537  0.31139  
-0.000336295  0.000817055  -0.00444522  -0.223919  0.200029  0.313555  
-0.000334855  0.000629923  -0.00458841  -0.223872  0.213049  0.331934  
-0.000397527  0.000705079  -0.00486941  -0.223959  0.226051  0.348586  
1.55241e-05  0.000526484  -0.00550935  -0.227331  0.226047  0.364829  
-4.88405e-05  0.000779898  -0.00532886  -0.224081  0.226083  0.348466  
0.000351314  0.00083305  -0.00541609  -0.226233  0.253264  0.345151  
-0.000146376  0.000922172  -0.00571321  -0.224448  0.295159  0.615987  
-0.00118907  0.00127822  -0.00598454  -0.242447  0.3134  0.579461  
-0.00203561  0.00132935  -0.00598454  -0.242466  0.318819  0.51262  
-0.00134259  0.00176931  -0.00614276  -0.261369  0.336741  0.52839  
-0.000285379  0.00156663  -0.00620795  -0.261302  0.337388  0.584173  
-0.000910582  0.00181902  -0.00551643  -0.248611  0.33727  0.549322  
-0.00035172  0.00114368  -0.00551643  -0.251126  0.32273  0.58544  
-0.000139559  0.00126071  -0.0050313  -0.246932  0.3184  0.593496  
-8.54979e-05  0.00114368  -0.00519587  -0.249161  0.316701  0.593522  
-0.000165012  0.00114368  -0.00517513  -0.251795  0.354217  0.593525  
0.000535255  0.00114368  -0.00557203  -0.244423  0.338247  0.593208  
0.000292895  0.00133551  -0.00589119  -0.21709  0.356282  0.588059  
0.000694957  -3.07538e-05  -0.0036375  -0.0945442  0.359535  0.620899  
0.000616824  0.00041408  -0.00514252  -0.131004  0.362125  0.64149  
0.000825321  -0.000117701  -0.00456471  -0.107206  0.372724  0.641448  
0.000455049  -0.000539036  -0.00354591  -0.0756887  0.403535  0.649198  
0.00062589  -0.000246184  -0.00347164  -0.0671839  0.361829  0.641531  
-0.000212329  -0.000125222  -0.00358782  -0.0752299  0.379611  0.692316  
0.000264519  -0.000125222  -0.00483519  -0.107612  0.410258  0.713867  
-0.000392609  0.000117066  -0.00421151  -0.0845172  0.383137  0.730525  
-0.000396131  -0.000125222  -0.004102  -0.0493159  0.365907  0.716455  
-0.00106818  -0.00109886  -0.00650436  -0.0374579  0.379847  0.688324  
-0.00143568  -0.00109886  -0.00528036  -0.0490001  0.385914  0.706807  
-0.000654141  -0.000936803  -0.00519373  -0.0592703  0.386521  0.688113  
-0.00141003  -0.00133587  -0.0042962  -0.0436496  0.415466  0.700782  
-0.00370506  -0.00283836  -0.00277554  0.0260761  0.40415  0.715672  
-0.00298956  -0.00235612  -0.00339705  -0.00188815  0.40354  0.765067  
-0.0032924  -0.00315922  -0.00333076  0.0102617  0.41754  0.81535  
-0.0118583  -0.00222926  -0.00585465  -0.0421808  0.357213  0.964785  
-0.0106426  -0.00386965  -0.00452616  0.0527052  0.396442  0.97238  
-0.00997206  -0.00424254  -0.00362408  0.0825898  0.411008  0.971957  
-0.00966385  -0.00575922  -0.00206537  0.139217  0.457649  0.971439  
-0.00937113  -0.00534287  -0.00228565  0.122274  0.458001  0.98  
-0.00943226  -0.00541815  -0.00250491  0.128691  0.457981  0.987715  
-0.00975795  -0.00571853  -0.00220826  0.122121  0.447872  0.959211  
-0.0103675  -0.00562058  -0.00250491  0.115432  0.473576  0.955062  
-0.00918605  -0.00566102  -0.00192733  0.128972  0.430111  0.981003  
-0.00946959  -0.00608733  -0.00201868  0.152225  0.444924  0.990928  
-0.00971405  -0.0066235  -0.00164028  0.152271  0.47092  1.0209  
-0.00903045  -0.00624868  -0.00192733  0.15936  0.451024  0.975256  
-0.00936537  -0.00652482  -0.00156013  0.185846  0.474284  1.03116  
-0.0099774  -0.00646603  -0.00150175  0.159821  0.482499  0.997634  
-0.0092704  -0.00604517  -0.00117894  0.162018  0.44791  0.948294  
-0.00943615  -0.00624344  -0.00150856  0.154072  0.499022  0.950734  
-0.00967814  -0.00618096  -0.00119686  0.150407  0.477816  0.985537  
-0.00839032  -0.00670272  -0.000207983  0.192114  0.484595  1.06797  
-0.00911677  -0.00703043  1.68085e-05  0.199372  0.510051  1.04575  
-0.00889543  -0.00709781  -0.000484473  0.192362  0.511546  1.13785  
-0.00554566  -0.00811298  -0.000484473  0.207997  0.55385  1.1047  
-0.0061837  -0.00811298  0.000542075  0.207364  0.604456  1.16437  
-0.00675736  -0.00922242  0.00144342  0.219315  0.602247  1.16711  
-0.00715203  -0.00906839  0.00145657  0.219169  0.60017  1.12882  
-0.00678354  -0.0091565  0.00136376  0.223202  0.602794  1.17075  
-0.0061974  -0.0083627  0.0019945  0.227421  0.602732  1.19846  
-0.00428906  -0.00585202  0.000542075  0.141678  0.6481  1.28931  
-0.00727199  -0.00820771  0.00222739  0.23865  0.653141  1.27521  
-0.00679697  -0.0089465  0.00208429  0.245556  0.694805  1.32048  
-0.00758865  -0.00937518  0.00228714  0.253898  0.687434  1.39837  
-0.00704478  -0.00937518  0.00177057  0.254071  0.67681  1.28424  
-0.00691726  -0.009087  0.00129879  0.214477  0.667375  1.20639  
-0.00710568  -0.00827191  0.00159889  0.23323  0.670053  1.24259  
-0.0071756  -0.00873113  0.00180697  0.247719  0.64103  1.13109  
-0.00760952  -0.00904329  0.00219787  0.240105  0.677765  1.2255  
-0.0081357  -0.00937518  0.00247672  0.260782  0.695658  1.3623  
-0.00690296  -0.00990769  0.00285627  0.274764  0.721602  1.39846  
-0.00822083  -0.0101316  0.00296664  0.282189  0.691274  1.14614  
-0.00761807  -0.00853929  0.00299352  0.250723  0.729469  1.39039  
-0.00748881  -0.00899337  0.0022299  0.256933  0.732172  1.42472  
-0.00849427  -0.00823607  0.00264122  0.308888  0.779308  1.80438  
-0.00965162  -0.0106985  0.00354557  0.351606  0.786439  1.69433  
-0.00894983  -0.0102151  0.00488951  0.475839  0.872188  1.74258  
-0.00936399  -0.0107188  0.00445302  0.394841  0.970736  1.74929  
-0.00950207  -0.0120244  0.0059644  0.480054  0.941578  1.85073  
-0.00821986  -0.0124249  0.00736954  0.511765  0.935136  1.80792  
-0.00949048  -0.013147  0.00736953  0.505799  0.916993  1.75626  
-0.00983408  -0.012936  0.00736954  0.500391  0.872896  1.61133  
-0.00996633  -0.0126056  0.0076483  0.502518  0.922276  1.6956  
-0.00898812  -0.0124065  0.00731038  0.529196  0.900723  1.83303  
-0.00963806  -0.0124608  0.00687341  0.520918  0.910503  1.75402  
-0.00973633  -0.0124932  0.00773908  0.54859  0.903764  1.77924  
-0.00994177  -0.0127646  0.00776047  0.55422  0.947639  1.79541  
-0.00928471  -0.0119934  0.00668237  0.5056  0.901024  1.80259  
-0.0090764  -0.0124705  0.00246153  0.528247  0.86664  1.72752  
-0.0105169  -0.0124757  0.00634315  0.553879  0.957143  1.75213  
-0.0103172  -0.0129507  0.00712753  0.557063  0.88771  1.69978  
-0.00978645  -0.012673  0.00760727  0.555326  0.903874  1.716  
-0.010019  -0.013177  0.00750166  0.571871  0.9226  1.70738  
-0.00930283  -0.012481  0.00671199  0.550643  0.878447  1.6427  
-0.010627  -0.0131325  0.00770435  0.553147  0.909499  1.58416  
-0.00912883  -0.0134873  0.00834559  0.609744  0.910992  1.73955  
-0.00955243  -0.0126604  0.00788845  0.58605  0.950948  1.79793  
-0.00922997  -0.0127643  0.0077278  0.5916  0.937509  1.77623  
-0.00991381  -0.0124399  0.00811598  0.591166  0.950274  1.71482  
-0.00936181  -0.0132109  0.00786903  0.593733  0.930287  1.76775  
-0.00935264  -0.0123753  0.0069765  0.573451  0.957201  1.78427  
-0.00897639  -0.012486  0.00694996  0.589901  0.94993  1.75847  
-0.00951696  -0.0122931  0.00694492  0.588014  0.946214  1.74939  
-0.00915691  -0.0121523  0.00667484  0.565239  0.935199  1.74683  
-0.00861209  -0.0123402  0.00683388  0.564457  0.937426  1.77135  
-0.0106004  -0.0123335  0.00673551  0.551588  1.04337  2.12816  
-0.0111344  -0.0127474  0.00764524  0.55482  1.0153  1.87492  
-0.0110262  -0.0123505  0.00782056  0.560343  0.998438  1.90656  
-0.010326  -0.0126321  0.00824522  0.574868  0.998524  1.91673  
-0.0111616  -0.0126634  0.00824694  0.574218  1.01708  1.85682  
-0.010797  -0.0118833  0.00790656  0.56803  0.997393  1.90627  
-0.00906543  -0.011833  0.00791114  0.593953  1.02017  2.0217  
-0.0102768  -0.0120148  0.00789989  0.595161  1.02139  2.02076  
-0.0111855  -0.0117078  0.00829419  0.570655  1.07006  2.05525  
-0.00956896  -0.0123323  0.00851282  0.594651  1.05275  2.07639  
-0.00890051  -0.0120738  0.00811002  0.593896  1.1249  2.15733  
-0.00913454  -0.0117944  0.00828709  0.593735  1.12252  2.16817  
-0.0104527  -0.0121752  0.00874003  0.63184  1.10643  2.17007  
-0.010533  -0.0115406  0.00767729  0.608034  1.11437  2.19412  
-0.00994319  -0.0121096  0.00820502  0.637072  1.08493  2.1464  
-0.00966024  -0.0118405  0.00757068  0.635398  1.09799  2.14125  
-0.00981284  -0.0113144  0.00772358  0.616129  1.17588  2.29645  
-0.0104587  -0.0118065  0.00828906  0.615579  1.15468  2.21595  
-0.0103512  -0.0120453  0.00816613  0.631704  1.09874  2.10863  
-0.010808  -0.011011  0.00754832  0.597213  1.12752  2.11949  
-0.0103399  -0.0118526  0.00735481  0.619247  1.12266  2.14313  
-0.00908362  -0.0115039  0.00663544  0.622547  1.15634  2.23978  
-0.00945644  -0.0116341  0.00646103  0.633876  1.14591  2.23893  
-0.00938089  -0.011511  0.00707406  0.648425  1.14643  2.22768  
-0.00889318  -0.0111087  0.00754592  0.623081  1.16719  2.27815  
-0.00842087  -0.00982423  0.0058511  0.5939  1.22676  2.39158  
-0.00771227  -0.0102784  0.00588268  0.606023  1.21046  2.34924  
-0.00824287  -0.01094  0.00723939  0.626647  1.12584  2.19661  
-0.00923053  -0.0108758  0.00687825  0.629731  1.15758  2.29225  
-0.00790942  -0.0108325  0.00695799  0.629115  1.13902  2.34373  
-0.00904889  -0.0107741  0.00757725  0.616295  1.15524  2.28193  
-0.00719527  -0.0106979  0.0078279  0.626678  1.15086  2.39563  
-0.00688836  -0.00926322  0.00764336  0.62037  1.05191  2.44012  
-0.00798948  -0.00924951  0.00698417  0.548022  1.07576  2.40806  
-0.0014058  -0.0130655  -0.00111423  0.443796  0.996906  2.52034  
-0.0015231  -0.0121029  0.00219801  0.488139  1.07785  2.48138  
-0.00372423  -0.0127834  0.00296622  0.509607  1.05582  2.3691  
-0.00519054  -0.0132025  0.00440997  0.557973  1.04124  2.23071  
-0.00292952  -0.0133046  0.00440997  0.577072  1.07515  2.38472  
-0.00288118  -0.0134753  0.00497997  0.612933  1.13368  2.4572  
-0.00308534  -0.0136898  0.00545587  0.614703  1.0897  2.40977  
-0.00464692  -0.0136049  0.00644934  0.617556  1.1059  2.36459  
-0.00472578  -0.0127285  0.00651493  0.635747  1.10834  2.4152  
-0.00375502  -0.0129025  0.00559302  0.61627  1.14507  2.48019  
-0.00362683  -0.0130324  0.00602672  0.629873  1.14503  2.46697  
-0.00509752  -0.0134604  0.00628359  0.65419  1.15982  2.40648  
-0.00347698  -0.0130022  0.00596138  0.699642  1.13599  2.41155  
-0.00645482  -0.014901  0.00748938  0.730174  0.918737  1.7175  
-0.00820046  -0.0125242  0.00671774  0.641982  0.849287  1.45139  
-0.00750578  -0.0116755  0.00685231  0.648001  0.910343  1.66605  
-0.0064199  -0.0136551  0.00776248  0.761758  0.945415  1.86494  
-0.00675373  -0.0129613  0.00759669  0.755639  0.962947  2.03657  
-0.00652083  -0.0131325  0.00724152  0.770177  0.949837  2.04701  
-0.00610866  -0.0130904  0.00737253  0.796878  0.978857  2.05319  
-0.00556609  -0.0129551  0.00682419  0.798623  0.989363  2.03921  
-0.00606215  -0.012879  0.00604458  0.80932  1.0057  2.07454  
-0.00579335  -0.0120038  0.00648244  0.777348  1.01536  2.1007  
-0.00643153  -0.0130625  0.00680903  0.751286  1.01017  1.99552  
-0.00692353  -0.013329  0.00761711  0.774309  0.991916  1.94255  
-0.00672933  -0.0127644  0.00770785  0.772627  1.03939  2.03167  
-0.00610634  -0.0132571  0.00787268  0.75368  1.00587  1.99972  
-0.00587871  -0.0126795  0.007529  0.771126  1.0342  2.04507  
-0.00624146  -0.0123614  0.00712643  0.762136  0.969396  2.03656  
-0.00598318  -0.0122693  0.00717913  0.751324  0.983477  1.99908  
-0.00496051  -0.0121501  0.00694244  0.753529  1.03172  2.08664  
-0.00449977  -0.0121558  0.00617354  0.729795  1.0505  2.09023  
-0.00424921  -0.0119672  0.00652554  0.744303  1.02333  2.00248  
-0.0036503  -0.0123348  0.00669751  0.723781  1.05469  2.05265  
-0.00439913  -0.0120852  0.00686235  0.717039  1.07327  2.00217  
-0.00502886  -0.0126273  0.00749379  0.760711  0.904177  1.51157  
-0.00435056  -0.0136169  0.00765605  0.774246  1.03992  1.72195  
-0.00539996  -0.0133636  0.00726383  0.76186  1.05119  1.69882  
-0.00502847  -0.0132205  0.00765605  0.747976  1.01454  1.65058  
-0.00397499  -0.013848  0.00732572  0.765357  1.05249  1.7921  
