0.000636457  0.000264254  0.00121089  0.0486612  -0.0268656  0.0194397  
0.000527018  0.000177678  0.00115047  0.0551049  -0.0407765  0.0279756  
0.000527018  5.75822e-05  0.00121089  0.0551003  -0.049617  0.034684  
-0.000116092  6.31537e-05  0.00121089  0.0551012  -0.0496384  0.0318376  
0.000238658  -0  0.00121089  0.0551033  -0.049628  0.0193498  
-5.27971e-05  -0  0.000964341  0.0551343  -0.0471329  0.0372352  
0.000251851  -0  0.000999138  0.050543  -0.049621  0.0372746  
1.911e-05  -0  0.000986626  0.0494582  -0.0317436  0.037249  
7.1419e-05  -0  0.00102134  0.0484323  -0.0496303  0.0293692  
7.1419e-05  -0  0.000629733  0.0407977  -0.0457943  0.0372551  
0.000230734  7.50263e-24  0.000838163  0.0338532  -0.0496152  0.0372712  
0.000142629  -7.06215e-05  0.000766918  0.0229704  -0.0345706  0.0221835  
0.000276522  -0.00025  0.000569589  0.020698  -0.00849674  0.0372775  
0.000223121  6.62602e-05  0.000766918  0.0206688  -0.028869  0.0173214  
-6.78339e-05  0.000189737  0.000615673  0.0206754  -0.0259037  0.037262  
0.000276522  0.000165949  0.000486464  0.0206782  -0.00849577  0.0173658  
0.000130177  5.89608e-05  0.000415416  0.0109016  -0.00849821  0.0180209  
0.000111902  8.21974e-05  0.000350126  0.0206947  -0.00849519  0.0188628  
-7.90561e-05  8.21974e-05  2.57446e-05  0.00440453  0.00172514  0.0151544  
-4.39139e-05  8.21974e-05  -2.70226e-05  0.00440503  -0.00848797  0.0102198  
2.94439e-05  8.21974e-05  -4.83582e-05  -0.00261759  -0.00848767  -0.0038289  
0.000212621  8.21974e-05  -6.11247e-05  -0.0191616  -0.00850202  0.00345375  
0.000111715  2.20684e-05  -0.000169039  -0.0191562  -0.00851479  0.000621314  
-0.000290299  8.21974e-05  -0.000280466  -0.0191623  0.0087699  0.0102424  
-0.000313581  -0.000165091  -0.000336943  -0.0191573  0.0226216  0.0123898  
4.86271e-05  -0.000229504  -9.20559e-05  -0.0133565  0.0254761  0.0102406  
-0.000213127  -0.000320653  -0.00023698  -0.0129584  0.0159452  0.0273742  
0.00160083  -0.000320653  -0.000513447  -0.0160395  -0.00928068  -0.0601457  
0.0002613  -0.000459858  -0.000249172  -0.00616881  0.0355878  0.0105989  
0.000650755  -0.000589547  -5.73632e-05  -0.00828647  0.0418995  -0.00380809  
0.000801636  -0.000526715  -0.000185709  -0.00171813  0.0300921  -0.00380931  
0.000207173  -0.000741987  -8.33351e-05  -0.00761636  0.0341798  -0.0253596  
-1.99086e-05  -0.000741987  -8.00172e-05  -0.00174274  0.0390278  -0.0173791  
-0.00026532  -0.000741987  -0.000124532  0.0045829  0.00861616  -0.0493208  
-0.000109837  -0.000671933  -0.000185112  0.00428767  0.0287624  -0.025341  
0.000167755  -0.000741987  6.64542e-05  0.0133419  0.0307505  -0.00382718  
-0.000331487  -0.000688053  0.000108927  0.0166326  0.0500856  -0.00380638  
-0.000216003  -0.000683133  0.000141465  0.0167955  0.0500854  0.00941257  
-0.000216003  -0.000669044  6.30183e-05  0.0184393  0.0594216  0.0096889  
-0.000216003  -0.000595204  2.42676e-05  0.0178863  0.0500982  0.0198979  
-0.000386424  -0.000628792  3.98123e-05  0.00629348  0.0501058  -0.0126834  
-0.000803414  -0.000577368  -5.25283e-06  0.00549894  0.0787962  0.015814  
-0.00047534  -0.000223002  0.0001885  0.00176274  0.0665763  0.0133648  
-0.000439838  -0.000653964  7.73627e-05  0.00170523  0.033298  -0.0221215  
-0.00100964  -0.000596918  -0.000202223  0.0016932  0.0711603  -0.0220705  
-0.00047483  -0.000653964  5.67039e-05  -0.000435692  0.0616199  -0.00979011  
-0.000327818  -0.000653965  -1.50924e-05  0.00172646  0.0633634  -0.000718256  
-0.000327818  -0.000653965  0.000162936  -0.0109587  0.0668337  0.0050131  
-0.000327819  -1.98476e-05  5.00937e-05  -0.00878739  0.0654907  0.0113355  
-0.000327819  -0.000249071  -7.7015e-05  -0.0175821  0.095952  0.01902  
-0.000756651  -0.00053325  -3.13777e-05  -0.0101272  0.0919363  0.0321067  
-0.00013379  -0.000236984  -2.0789e-05  -0.0119618  0.0605956  0.0189981  
-0.000578515  -0.000433824  9.60054e-05  -0.00926294  0.0845199  0.00866538  
-0.000485472  -0.000272924  0.000170411  0.00172238  0.0904715  0.0212413  
-0.000622679  -0.000276252  0.000157219  0.00170719  0.0888352  0.0190528  
-0.000274644  -0.000198357  0.000150373  -0.00982415  0.0907084  -0.00104066  
-0.000385416  -6.0125e-05  -3.57454e-05  -0.00976923  0.0799976  0.00625756  
-0.00049184  -4.64739e-05  4.79094e-05  -0.015358  0.0966753  0.00899422  
-0.000386539  -5.11573e-05  0.000137693  -0.0153485  0.105691  0.0173434  
3.97496e-05  -3.49657e-05  0.000259922  -0.00659752  0.0879263  0.0136998  
-0.000602349  -3.49657e-05  0.000142402  -0.0153573  0.0879533  -0.0112322  
-0.000581156  -0.000399443  0.000345037  -0.00535567  0.119086  0.025621  
-0.000581156  -3.49657e-05  0.000202076  -0.0067096  0.114305  0.00697371  
-0.000196379  -3.49657e-05  0.000339761  0.0026057  0.0953783  0.00691052  
-0.000632728  -0.000443728  0.000364379  0.00261149  0.106493  -0.00546251  
-0.000455427  -3.49657e-05  0.000264533  0.0025919  0.106496  0.00695489  
-0.000415507  -3.49657e-05  0.000351404  0.0025953  0.0815434  0.00695032  
-0.000155396  -3.49657e-05  0.000432864  0.00917065  0.0898542  -0.0151172  
-0.000186868  -3.49657e-05  0.000576532  0.0129185  0.0692546  -0.0376918  
-5.46593e-06  -3.49657e-05  0.000576532  0.00260943  0.0825886  -0.015137  
-5.46593e-06  -3.49657e-05  0.000365069  0.00258229  0.0920911  -0.015137  
-5.46593e-06  -3.49657e-05  0.000576532  0.00828478  0.086964  -0.00283396  
-0.000188873  -3.49657e-05  0.000398447  0.0139029  0.0842896  -0.00317127  
-0.000279004  -0.000137511  0.000576532  0.01928  0.0800169  -0.0151044  
-0.000267608  -3.49657e-05  0.00041753  0.0113092  0.110359  0.004732  
-0.000374619  -3.49657e-05  0.000576532  0.019283  0.0769333  0.0047436  
-0.00039268  -3.49657e-05  0.000576532  0.0105366  0.0744769  0.00473764  
-0.000414615  -3.49657e-05  0.000576532  0.00905677  0.0825501  -0.0216846  
-0.000413989  -3.49657e-05  0.000446501  0.00766137  0.0744792  -0.0147907  
-0.000527503  -3.49657e-05  0.000285696  0.00153631  0.0984863  -0.0123221  
-0.000166537  -3.49657e-05  0.000576532  0.00686847  0.104303  0.00491173  
3.77216e-05  -3.49657e-05  0.000576532  0.00774678  0.0957062  0.0048714  
5.81857e-05  -3.49657e-05  0.000576532  0.019283  0.110389  0.00486537  
-0.000126785  -3.49657e-05  0.000426404  0.0192615  0.106268  0.0048842  
-1.19126e-05  -3.49657e-05  0.000439207  0.00881751  0.119629  0.00486772  
-0.000115744  -0.000185482  0.000215474  0.00709342  0.129416  0.0048817  
0.000171156  -3.49657e-05  0.000176222  0.00353231  0.09551  -0.0113743  
3.46566e-05  -3.49657e-05  0.000182817  0.0192261  0.0995415  -0.0168425  
-0.000233302  2.54092e-05  0.00015555  0.00213084  0.136399  0.0101242  
-5.36237e-05  -3.49657e-05  0.00015555  0.00212793  0.111779  -0.03136  
7.06025e-05  -3.49657e-05  5.04881e-05  -0.00557934  0.111765  -0.0525222  
-0.000222612  -3.49657e-05  0.00015555  -0.0165344  0.111794  -0.0594997  
-0.000197065  -3.49657e-05  0.00015555  -0.0165344  0.111779  -0.0346894  
0.000221969  -3.49657e-05  0.00015555  -0.0165344  0.124057  -0.0280286  
0.000221969  -3.49657e-05  0.00015555  -0.023346  0.10515  -0.0460601  
-0.000141663  -3.49657e-05  0.00015555  -0.0165344  0.111785  -0.0460007  
-0.00021167  -3.49657e-05  0.000297309  -0.0165075  0.11257  -0.0332862  
0.000221969  -3.49657e-05  0.000239394  -0.0165189  0.12051  -0.0220941  
0.000168098  -3.49657e-05  0.00015555  -0.0165344  0.0878389  -0.0489923  
-0.00051497  -3.49657e-05  0.000238777  -0.016519  0.115205  -0.0376533  
0.000227722  -3.49657e-05  0.00015555  -0.0328284  0.115136  -0.0305761  
3.04299e-05  -0.000293216  0.000220461  -0.0237322  0.110301  -0.0490851  
-0.000249883  -3.49657e-05  0.00015555  -0.0304816  0.133516  -0.0190445  
-0.000330527  -0.000210733  0.00015555  -0.0328343  0.133733  -0.0329264  
-0.000455611  -0.000337794  0.000267383  -0.0328241  0.0814137  -0.0451986  
6.78649e-06  -3.49657e-05  0.00015555  -0.0328168  0.13086  -0.0512928  
-0.000172787  -3.49657e-05  0.00015555  -0.0328168  0.144112  -0.0305311  
0.000494559  -3.49657e-05  0.000104012  -0.0328296  0.124151  -0.0191235  
0.000353476  -3.49657e-05  0.00015555  -0.0328168  0.124161  -0.0271928  
-0.000236247  -0.000665759  0.00015555  -0.0668932  0.143567  0.00976105  
-6.50458e-05  -0.000628213  0.00015555  -0.061175  0.124137  -0.0253056  
0.000314184  -0.000694648  0.000310164  -0.0509078  0.11425  -0.039587  
-0.000236247  -0.000237007  0.000348448  -0.0232741  0.150895  -0.0187079  
-8.43952e-05  -0.000432703  0.00015555  -0.0239983  0.15088  -0.0159735  
0.000184351  -0.000576168  0.000231559  -0.0239961  0.10507  -0.0324221  
-0.000236247  -0.000528761  0.000228701  -0.0239987  0.13614  -0.0413968  
-0.000179338  -0.000373597  0.00015555  -0.0240016  0.144838  -0.0323618  
0.000120424  -0.000471643  0.00015555  -0.0239878  0.141595  -0.0324177  
0.000254693  -0.000405146  0.00015555  -0.0192121  0.113361  -0.010954  
0.000830601  -0.000174522  0.00021279  -0.015994  0.112795  -0.0142865  
-9.96702e-05  -0.000504412  0.00015555  -0.00872714  0.127077  -0.0141395  
0.000218663  -0.000174522  0.00015555  -0.0235742  0.157847  0.0158287  
0.000681294  -0.000480776  0.00015555  -0.037164  0.127159  -0.0135011  
0.000557886  -0.000357641  0.00015555  -0.00825061  0.130839  -0.0387513  
0.000182974  -0.000399064  0.00015555  -0.0185497  0.169464  -0.0106931  
0.00069709  -0.000399064  0.00015555  -0.0343999  0.148891  -0.0220561  
0.000562278  -0.000399064  0.00015555  -0.0343099  0.129549  -0.0220352  
0.000348408  -0.000399064  0.00015555  -0.0363092  0.150141  -0.0320656  
0.000430587  -0.000399064  -0.000109129  -0.0507072  0.17482  0.0188322  
0.000629057  -0.000256317  -4.33544e-05  -0.0431221  0.139715  -0.0056857  
0.000765103  -0.000172335  0.00015555  -0.0256739  0.147823  -0.0136436  
0.000625639  -0.000335321  0.00015555  -0.0267121  0.170717  -0.0235519  
0.00071063  -0.00015068  0.00015555  -0.0309842  0.16659  -0.0165667  
0.000899889  -0.000363982  0.00015555  -0.0251759  0.126182  -0.0651061  
0.00153702  -0.000566077  0.00015555  -0.0205778  0.104159  -0.132115  
0.00161663  -0.000380221  0.00015555  -0.0254443  0.108288  -0.0793747  
0.000421034  -0.000380221  0.000358894  -0.0202899  0.145624  -0.0345904  
0.000685126  -0.000380221  0.000238753  -0.0231452  0.13494  -0.0173992  
0.000803004  -0.000231821  0.000308371  -0.0200277  0.149462  -0.0284234  
0.000676028  -0.000201383  0.000342532  -0.0105009  0.155894  0.00550359  
-0.000149452  -0.00026201  0.000816281  0.00650887  0.171998  0.0222069  
-8.06735e-05  -0.000342887  0.000567557  0.00641866  0.141886  0.00405549  
8.30134e-05  -0.000184633  0.000606327  0.0242068  0.110897  -0.0464038  
-0.000119649  -0.000116252  0.00113507  0.0523222  0.177757  -0.00458735  
0.000480537  -0.000163581  0.000677931  -0.000740838  0.147923  -0.00970348  
0.000413242  -0.000163581  0.000393295  -0.0228168  0.129109  -0.0249894  
8.53264e-05  -0.000163581  0.00015555  -0.0241775  0.193519  0.058751  
0.000538395  -0.000335935  0.000297911  -0.0173962  0.148021  0.019347  
0.0002283  3.80722e-05  0.000570828  0.0140067  0.151769  -0.00130036  
3.23393e-05  0.000308439  0.000606909  0.015472  0.181412  0.0243299  
0.000614521  -1.87692e-05  0.000721195  0.0232592  0.174738  0.0241495  
0.00021473  -6.70635e-05  0.000572586  0.0281787  0.162499  0.0280127  
-0.000488021  -0.000110226  0.000640242  0.0185493  0.193924  0.0244559  
5.4178e-05  -0.000169112  0.00054841  0.00926772  0.151001  0.00161641  
0.000237875  -0.000169112  0.000802509  0.0282204  0.133876  -0.026415  
4.99594e-05  -0.000169112  0.000498942  0.0878749  0.200918  0.0416439  
0.000929513  -0.000169112  0.000466313  0.0745072  0.183681  0.060266  
0.000577871  4.97435e-05  0.000428906  0.0718121  0.183673  0.0381847  
0.000381841  0.000385087  0.000211686  0.079621  0.202955  0.0798498  
0.000465607  0.000152299  0.000335739  0.0796687  0.207389  0.0597988  
0.000465607  0.000402675  0.00058296  0.138117  0.164408  0.0450005  
-2.22405e-05  0.000900441  0.000473576  0.138087  0.207705  0.077152  
0.000283005  0.000797648  0.000708223  0.126643  0.200815  0.0466749  
0.00028304  0.000383692  0.000689686  0.113409  0.189888  0.0272138  
-2.22405e-05  0.00052458  0.000906598  0.0985266  0.214707  0.0273297  
0.000329676  0.000431781  0.000760889  0.0960379  0.211262  0.0272061  
0.000394843  0.00014733  0.000830367  0.0809188  0.218598  0.0371187  
0.000417514  0.0003706  0.000780373  0.0848226  0.208512  0.0443023  
0.000466242  0.000274508  0.000814368  0.0987712  0.217307  0.0442724  
0.00031803  0.0003706  0.00100191  0.0981705  0.222021  0.0443318  
0.000372154  0.000317196  0.00100191  0.0928795  0.222019  0.0443064  
1.08259e-05  0.0003706  0.00100191  0.0835842  0.19809  0.0239478  
0.000419186  0.000128502  0.00117431  0.106402  0.198094  0.0442714  
0.000190814  0.000330445  0.0014858  0.106464  0.237172  0.0781135  
0.000465972  0.000264564  0.00100191  0.0928709  0.237278  0.0679389  
0.000325925  0.000153915  0.00100191  0.0928644  0.194292  0.0334775  
0.000473521  0.000200438  0.00100191  0.0928734  0.221294  0.0515847  
0.000549925  0.0003684  0.0012375  0.101509  0.24574  0.079539  
0.000613796  0.0003684  0.00121746  0.0984129  0.224214  0.0677967  
0.000549925  0.0003684  0.00133618  0.11993  0.218488  0.0644192  
0.000549925  0.0003684  0.00121558  0.10467  0.23563  0.0536555  
0.000467033  0.0003684  0.00109611  0.092898  0.253574  0.0499642  
0.00074672  0.000120969  0.00100191  0.104084  0.209753  0.049834  
0.000756237  -9.42819e-05  0.0012132  0.0929552  0.209704  0.0334347  
0.0005282  -9.42819e-05  0.00122521  0.0929498  0.215408  0.0498651  
0.000529666  2.84049e-05  0.00100191  0.0928775  0.225943  0.0675791  
0.000707574  -4.0396e-05  0.00100191  0.0928831  0.191106  0.0307377  
0.000626859  -4.12477e-05  0.00147458  0.093015  0.218896  0.043621  
0.000341813  0.000226627  0.00146413  0.0930116  0.23466  0.0421783  
0.000341813  0.000146478  0.00125537  0.0748365  0.203032  -0.00384799  
0.000983742  0.000146478  0.00100191  0.0608649  0.174922  -0.0779965  
0.0001107  6.68969e-05  0.00100191  0.0824358  0.244225  -0.00170308  
0.000732725  0.000146478  0.00100191  0.0608649  0.22717  -0.00289857  
0.000705279  -0.00026467  0.00100191  0.0348053  0.212214  -0.0460286  
0.000495616  -0.000326834  0.00100191  0.0578133  0.251554  -0.0108178  
0.000440971  -6.60554e-05  0.00100191  0.0650421  0.262659  -0.00330951  
0.000633708  9.95302e-05  0.00100191  0.0633974  0.22936  -0.0220268  
0.000349926  0.000100261  0.00100191  0.0445081  0.244118  -0.00644576  
0.000666735  -0.000190711  0.00100191  0.0634294  0.25719  0.0471217  
0.000782675  0.000100261  0.000828219  0.0611448  0.219869  0.0167578  
0.000583502  0.000100261  0.00100191  0.0846428  0.245358  0.0400891  
0.000766068  0.000100261  0.00073621  0.0608465  0.26818  0.0147681  
0.00144561  0.000100261  0.000580434  0.0518051  0.217627  -0.0392816  
0.00101097  0.000100261  0.000580434  0.0399562  0.22351  -0.0556174  
0.000734247  0.000100261  0.000769607  0.0682411  0.273596  0.00464323  
0.000809437  -0.000338545  0.000918756  0.0634994  0.247219  0.0186301  
0.000376991  -0.00032298  0.000966676  0.0600722  0.231125  -0.0375913  
0.00041995  -0.00032298  0.00102927  0.0734648  0.250303  -0.0263718  
0.000827939  2.17835e-05  0.000895974  0.0712215  0.269495  -0.0325545  
0.00109585  -9.24662e-05  0.000798508  0.051862  0.24328  -0.0538137  
0.000915121  -0.000286504  0.000782775  0.0457737  0.223554  -0.0537682  
0.000915121  1.5439e-05  0.000631623  0.0518171  0.243313  -0.0537391  
0.0012658  0.000294654  0.000501881  0.033172  0.238322  -0.0671283  
0.00165546  0.000167698  0.000407743  0.0161345  0.235754  -0.0700827  
0.00150464  0.000203393  0.000580434  0.0148808  0.243302  -0.0555934  
0.00131253  0.000203393  0.000580434  0.00865918  0.257357  -0.0301222  
0.00141825  -0.000334963  0.000180721  -0.0436509  0.264194  -0.0228257  
0.00311768  -9.09893e-05  0.000194719  -0.0397933  0.264023  -0.067365  
0.00211278  -0.00051445  0.000580434  0.00148867  0.28331  -0.0193894  
0.00172412  -0.000270104  0.000580434  0.00461715  0.283313  -0.00786188  
0.00189053  -0.000109534  0.000580434  0.00433858  0.26135  -0.0110337  
0.00189599  -0.00051445  0.000580434  0.0149592  0.283298  -0.0410015  
0.00177709  -4.92044e-05  0.000283925  0.00918044  0.317447  -0.00910908  
0.00172087  -0.000498896  -0.000138335  -0.0200811  0.239212  -0.0709345  
0.00148095  -0.0007075  0.000104788  0.00126106  0.269508  -0.0308918  
0.00228817  -9.97847e-05  -0.000485618  0.0196074  0.269358  -0.0810448  
0.0034988  -0.000483194  0.000104788  0.0139818  0.192103  -0.131948  
0.00247011  -0.000236446  0.000329179  -0.00510048  0.215496  -0.149658  
0.0024035  -0.00023686  0.000674238  0.00799194  0.255956  -0.0845922  
0.00203776  -0.000217628  0.000693268  0.0125227  0.271959  -0.0313545  
0.00263666  -0.000211188  0.000716518  0.0118731  0.228257  -0.0332288  
0.00263138  -0.000116172  0.000828827  0.030639  0.255929  -0.0195176  
0.00247742  -0.000211188  0.000828827  0.025552  0.280024  0.0420169  
0.00211788  -0.000270578  0.000651216  0.0181814  0.248453  -0.00274037  
