0  -0  -0.0008671  4.78426e-05  1.23125e-05  -0.0632202  
-8.03275e-05  -0.000373637  -0.00076595  0.00671063  -0.032639  -0.0632307  
-0.000518062  -0.000226933  -0.00076595  0.0210151  -0.0183357  -0.0812596  
-0.000694981  -8.98877e-05  -0.00056056  0.00485416  -0.00817804  -0.0550852  
-0.000290441  -8.85258e-05  -0.00035087  0.011906  -0.0238587  -0.0632295  
-0.000444981  -8.85258e-05  -0.000170727  0.0125537  -0.00376412  -0.0562159  
-0.000694981  -8.02324e-05  -0.00059035  0.00486227  -0.0152472  -0.0375152  
-0.000527606  -2.98812e-05  -0.000306905  0.0160193  -0.00375452  -0.0390094  
-0.000753704  -0.000256937  -0.000496441  0.00485641  -0.00373731  -0.0185495  
-0.00078315  -2.98812e-05  -0.00027277  0.0106098  -0.01288  -0.0242654  
-0.00144497  -0.000368148  -6.2131e-05  0.0235813  -0.0270016  -0.038691  
-0.000630962  -0.000455101  -0.000346643  0.0170015  -0.00372025  -0.0352876  
-0.000456518  -0.000436879  -6.2131e-05  0.0222817  0.013933  -0.0186196  
-0.000761494  -0.000647459  -6.2131e-05  0.0101865  0.0164577  -0.0137945  
-0.000600281  -0.000625384  -6.2131e-05  0.0217144  -0.00367857  -0.0333914  
-0.000719898  -0.000436879  0.000111956  0.0209005  -0.00158483  -0.0131024  
-0.000744881  -0.000322623  -6.2131e-05  0.020902  0.00341909  -0.00484065  
-0.000740984  -0.000443391  -6.2131e-05  0.0209052  0.00974034  -0.00860462  
-0.00131771  -0.000209984  -6.2131e-05  0.00291303  0.012048  0.00686299  
-0.00114742  -0.000209984  -0.000218472  0.00290834  0.0199283  0.0433441  
-6.02601e-06  -0.000209984  -6.2131e-05  0.00291303  0.00149902  -0.00209368  
-0.000304387  -1.54272e-05  -6.2131e-05  -0.0122879  0.00151181  -0.0271394  
-6.02601e-06  0.000254482  -0.000227594  -0.0215921  0.00149567  -0.0211299  
-6.02601e-06  -0.000209984  -6.2131e-05  -0.0249122  0.0111176  -0.024903  
0.000633889  0.0002339  -0.000392401  -0.0371397  0.0477132  -0.0171731  
-6.02601e-06  0.000349083  -0.000477044  -0.0371159  0.0157392  -0.020152  
0.000193216  0.000153064  -0.000286696  -0.0371214  0.00934388  0.00128323  
0.000264277  0.000615212  -0.000591941  -0.0407233  0.0306866  0.0150375  
0.000301865  0.000609417  -0.00046875  -0.0523307  0.0339663  -0.00553534  
0.000310697  0.000562068  -0.000610789  -0.0531625  0.0188749  -0.0055355  
0.000462001  0.00080545  -0.000869562  -0.072532  0.0191086  -0.0155226  
0.000627855  0.000812309  -0.00125295  -0.0805928  0.0344058  -0.0202104  
0.00107373  0.000988023  -0.00125294  -0.0887733  0.0170455  -0.0525248  
0.000689931  0.00138077  -0.0013775  -0.0896617  0.0491849  0.0047903  
0.000690068  0.00128369  -0.00125295  -0.0848354  0.0229059  -0.0053702  
0.000795854  0.00169459  -0.00132323  -0.0806063  0.0229118  0.00702656  
0.000437658  0.00146866  -0.00125294  -0.0805937  0.0229099  0.0270841  
0.00074696  0.00125224  -0.00125294  -0.0963345  0.0386967  0.00386952  
0.000704715  0.00149997  -0.00125294  -0.0967326  0.0318925  -0.0202513  
0.000780461  0.0015804  -0.00146322  -0.102875  0.0392959  -0.0202893  
0.00103588  0.00167009  -0.0018012  -0.113595  0.0227842  -0.0284003  
0.00103588  0.00128635  -0.00167179  -0.111852  0.0424652  -0.0202845  
0.000922992  0.00167309  -0.00168845  -0.106682  0.0593784  -0.000619756  
0.00103588  0.00185115  -0.00190839  -0.103724  0.0593494  0.00273727  
0.000865594  0.00177827  -0.00190786  -0.103745  0.0331823  -0.00672061  
0.00113232  0.00169728  -0.00205234  -0.118456  0.0433286  -0.0154468  
0.00103588  0.00167431  -0.00210576  -0.114739  0.0469359  0.0033815  
0.00137602  0.00188966  -0.00210576  -0.108927  0.0355036  -0.0173946  
0.00127535  0.00176859  -0.00238795  -0.130321  0.103478  0.0869485  
0.00179426  0.00207222  -0.00252116  -0.121654  0.0509481  0.0528218  
0.00128841  0.00176859  -0.0023629  -0.0984771  0.0720294  0.0352266  
0.0015584  0.00176859  -0.00202682  -0.0984322  0.0566569  -0.0320739  
0.00122123  0.0018806  -0.00252116  -0.0984971  0.0727056  -0.0165203  
0.00136079  0.00176859  -0.00252116  -0.110582  0.0686482  0.0326724  
0.0015584  0.00176859  -0.00235779  -0.115223  0.0738692  0.0229647  
0.0015584  0.00176859  -0.00252116  -0.116167  0.0865144  0.00342826  
0.0015584  0.00176859  -0.00252116  -0.121877  0.0853456  0.0360028  
0.00209194  0.00190312  -0.00222304  -0.109125  0.0452397  -0.0143024  
0.0015777  0.00176859  -0.00252116  -0.105333  0.08825  -0.00436802  
0.00185369  0.00176859  -0.00252116  -0.111838  0.0702085  -0.0142851  
0.00157053  0.00194086  -0.00252116  -0.114829  0.0519064  0.00802286  
0.00157053  0.00176859  -0.00252116  -0.120131  0.0825624  0.00242276  
0.00157053  0.00222002  -0.00252116  -0.130539  0.061477  0.0254416  
0.00162537  0.00209995  -0.00252116  -0.114114  0.0614771  0.0190363  
0.00157053  0.00194896  -0.00272532  -0.114129  0.061444  0.0117958  
0.00147605  0.00176859  -0.00270773  -0.128899  0.0841935  0.0164425  
0.00136954  0.00186319  -0.00272805  -0.114132  0.0678514  0.0446755  
0.00116271  0.00198669  -0.00252116  -0.129059  0.0763697  0.0270318  
0.00112724  0.00188585  -0.00252116  -0.123702  0.0842299  0.0305779  
0.00112724  0.00220332  -0.00252116  -0.114131  0.0842298  0.0559226  
0.00145538  0.00201042  -0.00252116  -0.114124  0.0842438  0.0345695  
0.00127482  0.00214235  -0.00252116  -0.118696  0.0842322  0.0432981  
0.00133249  0.00213941  -0.00271706  -0.114167  0.0842166  0.072024  
0.0012969  0.0022562  -0.00299912  -0.11422  0.0970206  0.0710672  
0.0014261  0.00227442  -0.00293823  -0.114222  0.0841923  0.0815531  
0.00112724  0.0020856  -0.00296692  -0.114199  0.0841594  0.0796492  
0.00172928  0.00240063  -0.00292702  -0.114229  0.0959839  0.0650931  
0.00131127  0.00235548  -0.00284064  -0.114204  0.084194  0.0546375  
0.00112724  0.00254609  -0.00294304  -0.114238  0.0974883  0.068753  
0.00170489  0.00217377  -0.00307223  -0.114235  0.0928909  0.0575854  
0.00157756  0.00241086  -0.00295322  -0.113599  0.0841856  0.0471878  
0.00171811  0.00236556  -0.00295322  -0.112202  0.0842086  0.0587663  
0.00122223  0.00217377  -0.00331759  -0.109585  0.0966766  0.0571301  
0.00198859  0.00265785  -0.00295322  -0.0964429  0.0773371  0.0717461  
0.00191448  0.00292814  -0.00336503  -0.107598  0.0922082  0.0642731  
0.00173535  0.00299619  -0.0034862  -0.0965377  0.100266  0.0743959  
0.00173535  0.00308438  -0.00352509  -0.105631  0.10026  0.0856051  
0.00173535  0.00316923  -0.00346527  -0.113401  0.0954346  0.0655261  
0.00221509  0.00311833  -0.00349359  -0.118114  0.100305  0.0758923  
0.00156506  0.00315464  -0.00354456  -0.113436  0.103103  0.0871122  
0.00173535  0.00312341  -0.00343772  -0.121782  0.109782  0.0880728  
0.00208241  0.00313648  -0.00337736  -0.119132  0.0812727  0.0907558  
0.00190414  0.00316379  -0.00354667  -0.123418  0.104204  0.126512  
0.00206901  0.00335466  -0.00355227  -0.130081  0.104224  0.131303  
0.00211949  0.0031827  -0.0037399  -0.133265  0.0993901  0.0858522  
0.00206051  0.00317535  -0.00347874  -0.129909  0.104243  0.120907  
0.00187805  0.00325671  -0.00337736  -0.130526  0.106777  0.117223  
0.00183695  0.0031995  -0.00337736  -0.130114  0.0928239  0.102845  
0.00210938  0.00310588  -0.00351924  -0.125698  0.104245  0.11738  
0.00179374  0.00324056  -0.00337736  -0.113455  0.104215  0.122988  
0.00173535  0.0033599  -0.00337736  -0.119613  0.0952201  0.112482  
0.00205233  0.00330602  -0.00337736  -0.113466  0.0890599  0.123582  
0.00199828  0.00347159  -0.00363083  -0.128843  0.104203  0.119523  
0.0021138  0.00313453  -0.00337736  -0.124243  0.104269  0.12106  
0.00202736  0.00313453  -0.00360849  -0.113467  0.0969813  0.119416  
0.00208584  0.00313453  -0.00337736  -0.120577  0.104269  0.117083  
0.00160532  0.0037209  -0.00361777  -0.126978  0.126336  0.16084  
0.0022737  0.00313453  -0.00337736  -0.11344  0.0935509  0.119181  
0.00170801  0.00330366  -0.00378374  -0.123728  0.127193  0.144164  
0.00192785  0.00369186  -0.00385698  -0.113647  0.127258  0.185396  
0.00209837  0.00366995  -0.00381734  -0.113662  0.127318  0.203686  
0.0021586  0.00354252  -0.00370026  -0.124066  0.127354  0.203867  
0.0021586  0.00359448  -0.00378864  -0.128998  0.137327  0.210058  
0.00238042  0.00370006  -0.00381022  -0.130145  0.128379  0.210004  
0.00254362  0.00364777  -0.00378184  -0.130114  0.119622  0.210006  
0.00253507  0.00359467  -0.00380886  -0.138903  0.144788  0.210005  
0.00275689  0.00366366  -0.00380367  -0.143045  0.133185  0.182964  
0.00275689  0.00335775  -0.00383299  -0.136334  0.139629  0.180878  
0.00263484  0.00362436  -0.00380213  -0.130108  0.147475  0.197538  
0.00275689  0.00359706  -0.00378568  -0.139358  0.129274  0.180837  
0.00275689  0.00354946  -0.00379157  -0.14662  0.134428  0.172581  
0.00275689  0.00355253  -0.00404664  -0.147214  0.147459  0.187624  
0.00298929  0.00381909  -0.00420602  -0.15828  0.147472  0.185848  
0.00322794  0.00369094  -0.0041378  -0.161844  0.147542  0.189652  
0.00236588  0.00374276  -0.00414592  -0.160035  0.157956  0.168418  
0.0028018  0.00379289  -0.00414042  -0.157824  0.125823  0.168351  
0.00245998  0.00379054  -0.00379157  -0.164038  0.160721  0.192187  
0.00321366  0.00364719  -0.00396511  -0.164599  0.137792  0.151515  
0.00321366  0.0036485  -0.00394015  -0.16457  0.163586  0.137374  
0.00321366  0.00374085  -0.00379157  -0.164557  0.163615  0.137208  
0.00321366  0.00347984  -0.00379157  -0.16887  0.163615  0.125142  
0.00298102  0.00359248  -0.00395149  -0.169908  0.163546  0.125167  
0.00295511  0.00313453  -0.00379157  -0.164452  0.121986  0.0953167  
0.00316681  0.00313453  -0.00352685  -0.164407  0.151062  0.105184  
0.00295511  0.00344675  -0.00371252  -0.176174  0.163572  0.118519  
0.00295511  0.00355672  -0.00379157  -0.18149  0.135839  0.0736627  
0.00295511  0.00346502  -0.00347952  -0.172131  0.158597  0.0932828  
0.00297513  0.00351508  -0.00370213  -0.17259  0.155471  0.117821  
0.00319946  0.00350487  -0.00379157  -0.174953  0.140858  0.117844  
0.00284129  0.003511  -0.00358426  -0.164485  0.143131  0.145728  
0.00284129  0.00354474  -0.00356312  -0.164495  0.150131  0.148923  
0.00324333  0.00355069  -0.00379157  -0.179861  0.140799  0.110297  
0.00317617  0.00333078  -0.00368785  -0.164445  0.154766  0.096016  
0.00318714  0.00349737  -0.00379157  -0.168957  0.159338  0.103256  
0.0031646  0.00355819  -0.00380751  -0.179179  0.159325  0.102817  
0.00337227  0.00358263  -0.00362455  -0.18061  0.159361  0.0670831  
0.00303188  0.00355511  -0.00376203  -0.181902  0.176333  0.0932866  
0.00286094  0.00355874  -0.00382495  -0.183165  0.154864  0.123259  
0.0029802  0.00364065  -0.00384605  -0.182091  0.158309  0.10683  
0.0029802  0.00354909  -0.00397571  -0.180552  0.158279  0.0644306  
0.00330821  0.0038446  -0.00397571  -0.196606  0.178262  0.0849489  
0.00340541  0.00372065  -0.00397571  -0.190652  0.149406  0.0912015  
0.00331711  0.0037354  -0.00397571  -0.180566  0.164232  0.0936391  
0.00339115  0.00395321  -0.00406842  -0.180598  0.176272  0.0836383  
0.00339115  0.00362002  -0.0039715  -0.191095  0.160007  0.0669262  
0.00330823  0.00372052  -0.00389412  -0.180523  0.163712  0.0504295  
0.00339115  0.00354909  -0.00391437  -0.193685  0.176303  0.0488575  
0.00296135  0.00384503  -0.00401019  -0.194594  0.136795  -0.0209229  
0.00296138  0.00373156  -0.0040102  -0.185646  0.170426  0.0577044  
0.00254241  0.00395685  -0.0040102  -0.180612  0.17261  0.065345  
0.00311977  0.0039484  -0.0040102  -0.180618  0.136707  0.0230369  
0.00229397  0.00352033  -0.0040102  -0.172924  0.185241  0.0951465  
0.00299909  0.00333612  -0.00395654  -0.160485  0.115271  0.0586913  
0.00367036  0.0043841  -0.0040102  -0.147757  0.119394  0.139171  
0.00404807  0.00415677  -0.00356496  -0.131703  0.120343  0.0730126  
0.00467506  0.00409007  -0.00344717  -0.143375  0.114867  0.0176153  
0.00404807  0.0041713  -0.0036814  -0.142185  0.15932  0.0589857  
0.00452849  0.00403378  -0.00372898  -0.146011  0.166912  0.0772138  
0.00422581  0.00381097  -0.0040102  -0.145072  0.175811  0.143143  
0.00449918  0.00362034  -0.00357894  -0.142013  0.161611  0.165543  
0.00404807  0.00343143  -0.00338359  -0.13157  0.166146  0.157133  
0.00449652  0.00328728  -0.00347379  -0.148368  0.166043  0.157083  
0.00406232  0.00326531  -0.00362268  -0.145972  0.154386  0.134071  
0.00429479  0.00319064  -0.00345258  -0.148186  0.170862  0.125301  
0.00402504  0.00321976  -0.00336259  -0.144504  0.173284  0.14971  
0.0040991  0.00326598  -0.00364542  -0.151268  0.167164  0.14577  
0.00401457  0.00330779  -0.00343098  -0.135389  0.168289  0.120013  
0.00415394  0.00319825  -0.00352827  -0.131457  0.161019  0.111194  
0.00401457  0.00348299  -0.0040102  -0.139482  0.168851  0.127616  
0.00408455  0.00355422  -0.00381647  -0.145251  0.180277  0.127588  
0.00401457  0.00370033  -0.00362803  -0.140897  0.146778  0.103083  
0.00417451  0.00350729  -0.00372625  -0.131558  0.145232  0.122255  
0.00437443  0.0039902  -0.00392482  -0.141641  0.172072  0.138684  
0.00477413  0.00375141  -0.00383174  -0.131643  0.169988  0.139151  
0.00370302  0.00349066  -0.00425305  -0.105034  0.155482  0.217012  
0.00413988  0.00374712  -0.00469438  -0.122275  0.180154  0.254298  
0.00415476  0.0038353  -0.00460244  -0.128707  0.168628  0.23805  
0.00433068  0.00378433  -0.00446112  -0.122233  0.161644  0.238042  
0.00421268  0.00367125  -0.00444458  -0.122182  0.180215  0.213367  
0.00446783  0.00403128  -0.0045447  -0.145217  0.189271  0.225858  
0.00470154  0.00384581  -0.00462638  -0.139191  0.168338  0.140137  
0.00460327  0.0041177  -0.00501345  -0.145268  0.160328  0.140109  
0.00460327  0.00431807  -0.00473601  -0.139307  0.178134  0.167669  
0.00450082  0.00434481  -0.0046751  -0.139295  0.180934  0.157597  
0.0045019  0.00445309  -0.00457356  -0.139302  0.180945  0.155255  
0.00443783  0.00423587  -0.004731  -0.143479  0.180903  0.157621  
0.00425056  0.00437858  -0.00446696  -0.144177  0.180918  0.181591  
0.00470365  0.00440863  -0.00458897  -0.161519  0.180987  0.181491  
0.00470365  0.00428353  -0.00475014  -0.163347  0.184693  0.181509  
0.00483042  0.00426128  -0.00490245  -0.16455  0.161132  0.165743  
0.00470365  0.00431566  -0.0048355  -0.166434  0.174303  0.162989  
0.00507159  0.00446934  -0.00512021  -0.17407  0.197593  0.17601  
0.00544751  0.00443904  -0.00507856  -0.172095  0.193756  0.162774  
0.00474166  0.00422952  -0.00507279  -0.173015  0.206826  0.181753  
0.00504873  0.00452441  -0.00492136  -0.173961  0.201487  0.204934  
0.00541231  0.0042352  -0.00541534  -0.174048  0.202972  0.143955  
0.00495942  0.00465409  -0.00551485  -0.182408  0.219314  0.169345  
0.00502345  0.00464362  -0.00543495  -0.174127  0.212538  0.190877  
0.00495961  0.0042352  -0.00539654  -0.191398  0.183684  0.0698663  
0.00464631  0.00373658  -0.00539654  -0.190471  0.189764  0.0540248  
0.00450875  0.00379806  -0.00539654  -0.188194  0.174787  -0.0141912  
0.00452824  0.00344  -0.00477416  -0.19726  0.128934  -0.157154  
0.00413447  0.00348625  -0.00472592  -0.190973  0.148486  -0.0957319  
0.00370698  0.00359286  -0.004855  -0.196837  0.159618  -0.0956889  
0.00411366  0.00366644  -0.00484228  -0.197712  0.159179  -0.133417  
0.00461809  0.00358375  -0.00484063  -0.210606  0.136487  -0.183346  
0.00422792  0.00372587  -0.00489407  -0.225127  0.161622  -0.133274  
0.00409785  0.00371814  -0.00477545  -0.224634  0.145271  -0.128166  
0.00487941  0.00323511  -0.0041806  -0.234099  0.116641  -0.27849  
0.0044564  0.00323511  -0.00423325  -0.239051  0.116785  -0.284632  
0.00435268  0.00235494  -0.00418068  -0.250787  0.104896  -0.364898  
0.00470487  0.00230204  -0.00418069  -0.250362  0.142713  -0.337271  
0.00428479  0.00258686  -0.00440093  -0.251508  0.130258  -0.329356  
0.00464401  0.000599149  -0.00354411  -0.249159  0.0933152  -0.515209  
0.00434599  0.00184918  -0.00391993  -0.243053  0.137762  -0.375012  
0.00443535  0.00203818  -0.00410601  -0.242011  0.147449  -0.328376  
0.00473029  0.00251325  -0.00423324  -0.239899  0.134211  -0.291377  
0.00478374  0.00252252  -0.00434561  -0.235184  0.134395  -0.268024  
0.0050423  0.00259303  -0.00423325  -0.236533  0.123419  -0.25823  
0.00518162  0.00238532  -0.00423325  -0.23493  0.131708  -0.240091  
0.00494046  0.00261781  -0.0043461  -0.236068  0.139486  -0.228595  
0.00545878  0.00184918  -0.00388946  -0.245406  0.100793  -0.323964  
0.0051577  0.00219878  -0.00423325  -0.247222  0.135687  -0.306903  
0.00464338  0.00240027  -0.00435755  -0.246916  0.15422  -0.289858  
