-0.000112831  -0  0.000124899  0.02106  -1.31491e-05  0.0739324  
-0.000184015  -0.00017029  0  0.0194396  -0.0326916  0.0739569  
-0.000510869  -0  7.76518e-05  0.00471776  0.0154133  0.0571239  
0.000111075  -0.000115418  0.000153187  0.00512437  -0.0322517  0.0379334  
-5.00468e-05  -0.000160195  0.000342648  0.00629462  -0.00392747  0.048793  
-0.000276305  0.000139305  0.000158859  0.014394  -0.0267725  0.0534586  
-0.000336248  -0.000124685  0.00021722  0.00989653  -0.0187811  0.0379152  
0.000187529  -4.78229e-05  0.000107248  0.0176975  -0.00134008  0.0379143  
9.04031e-05  -0.000117509  0.000161294  -3.9759e-06  -0.0334764  0.0379158  
0.000187529  2.41697e-05  0.000154666  0.00768525  0.0138241  0.048311  
0.000455445  -7.35012e-05  0.000179461  0.0113261  -0.0119404  0.0379161  
0.000304527  0.000139305  0.000193518  -4.83081e-05  -0.0118596  0.04438  
0.000187529  -1.02483e-05  1.19038e-05  0.00297612  -0.015491  0.0311869  
0.000528236  0.000139305  0.000193518  -4.83076e-05  0.0109439  0.0216121  
0.000187529  -0.000103019  0.000193518  -3.11163e-05  -0.0476805  0.0250904  
-0.000135649  0.000139305  0.000193518  -4.83076e-05  -0.00699553  0.0379029  
0.000216232  0.000139305  0.000193518  -4.83076e-05  -0.029939  0.0231608  
0.000228281  -0.000338326  0.000193518  -3.9693e-05  -0.0386341  0.0104056  
-0.000147001  7.1203e-05  2.76508e-05  -3.94093e-05  -0.0242624  0.010372  
4.52512e-05  0.000200313  0.000193518  -3.95368e-05  -0.0355904  0.00373426  
0.000237714  -6.27628e-05  0.000193518  -0.00385507  0.000303205  0.0103524  
-2.88445e-05  -0.000113387  0.000193518  -0.0119909  -0.036559  -0.0230044  
-0.000301319  -1.31418e-05  -0.000219809  -0.0168093  0.0169901  -0.0617739  
5.90153e-05  7.62863e-05  -0.000563334  -0.0167877  0.00840337  -0.0724815  
0.000182399  -0.000425205  -0.000303979  -0.0183335  -0.0199256  -0.09231  
0.000130939  -4.28932e-05  -0.000219809  -0.0174536  0.0306958  -0.0612898  
0.000745861  -4.28932e-05  -0.000219809  -0.0161961  -0.0160957  -0.0536627  
0.000555476  -0.000322538  -0.000219809  -0.0111122  0.0166702  -0.0709179  
0.000743301  -5.57945e-05  -0.000667256  -0.0219405  -0.0149656  -0.0626231  
0.00018063  -5.57946e-05  -0.000560885  -0.0161481  -0.00617207  -0.0687299  
0.000121045  -0.000330306  -0.000406497  -0.00789921  -0.00616312  -0.0598749  
4.52798e-05  -8.83309e-05  -0.000463164  -0.0161455  -0.0409119  -0.0497124  
0.000858779  -8.83309e-05  -0.000651717  -0.0164995  0.0690686  -0.0806223  
0.00151635  0.00048331  -0.000824932  -0.0227395  0.0222974  -0.0975491  
0.000946856  -0.000188097  -0.000939062  -0.0184583  0.0312866  -0.103744  
0.0011766  -0.000188097  -0.000683383  -0.0163775  0.023399  -0.127564  
0.0011766  -7.94379e-05  -0.000887602  -0.0164693  0.000893869  -0.117719  
0.00149862  -0.000188097  -0.000683383  -0.0295915  0.0284306  -0.200629  
0.0011766  -0.000127448  -0.000460012  -0.0238447  0.00988363  -0.171705  
0.00248357  -0.000240755  -0.000564987  -0.0219055  0.000672056  -0.171724  
0.00411806  7.95772e-05  -0.000205777  -0.0536959  0.0900528  -0.109697  
0.00515492  -0.000113474  -0.00038346  -0.0295383  0.065464  -0.0943534  
0.00432132  6.70009e-05  0.000704905  -0.00162181  -0.111259  -0.0945566  
0.00530701  0.000355359  0.000615849  0.0174022  -0.0528328  -0.089148  
0.00621595  0.000287012  0.000106662  0.00111366  -0.00709703  -0.124649  
0.00539811  -0.000146862  0.000133226  -0.0116888  -0.00376602  -0.0779585  
0.00475551  -1.7064e-05  -0.000382056  -0.00865181  0.00163633  -0.0632662  
0.00437775  0.000214261  -0.000414422  -0.0202037  -0.0321084  -0.0961151  
0.00376508  0.000167374  -0.000443349  -0.0225721  -0.00464768  -0.121764  
0.00428386  -0.000211966  -0.00092648  -0.0302326  -0.0223107  -0.121709  
0.00384681  -0.000183836  -0.00133144  -0.028795  -0.0223001  -0.102878  
0.00393163  -4.46099e-05  -0.00133144  -0.0208674  -0.0439534  -0.105126  
0.00337106  2.83135e-05  -0.00133144  -0.0169594  -0.0106692  -0.126627  
0.00356982  -0.000183836  -0.00133144  -0.0242412  -0.0302903  -0.136816  
0.00373293  2.12074e-05  -0.00133144  -0.0317105  -0.00390219  -0.152894  
0.00409356  5.79249e-05  -0.00133144  -0.032572  -0.031177  -0.138546  
0.00378695  -5.95316e-05  -0.00156141  -0.0283842  0.0301678  -0.152883  
0.00463486  0.00038987  -0.00174295  -0.0569795  -0.00648937  -0.18784  
0.00491632  0.00126534  -0.0022453  -0.0867048  0.0406241  -0.228383  
0.00511375  0.000855663  -0.00216336  -0.0759414  0.00671103  -0.234031  
0.00481299  0.000726571  -0.00201739  -0.0759665  0.0174499  -0.211727  
0.00481298  0.000725899  -0.00209253  -0.0759458  0.00678589  -0.211724  
0.00494501  0.000642166  -0.00190963  -0.0578573  0.0284957  -0.197908  
0.00481299  0.000739821  -0.00218589  -0.0582745  0.00678632  -0.211713  
0.0052011  0.00068768  -0.00193352  -0.0618502  0.0519173  -0.239903  
0.00536351  0.000700928  -0.00215979  -0.0635719  0.0173936  -0.235483  
0.00483416  0.000619216  -0.00204451  -0.058035  0.0215643  -0.239918  
0.00521539  0.000573929  -0.00174294  -0.0523418  0.0507042  -0.239909  
0.00523762  0.000420057  -0.00174294  -0.0574529  0.0156323  -0.267664  
0.00483416  0.000144737  -0.00174294  -0.0539689  0.0388247  -0.258931  
0.00532898  0.000754746  -0.00187324  -0.054122  0.0149409  -0.245179  
0.00503631  0.000332518  -0.00188278  -0.052933  0.0215239  -0.239566  
0.00426381  0.000515583  -0.00190452  -0.0546835  0.0696006  -0.23171  
0.00450497  0.000205211  -0.00174294  -0.0468465  0.0506921  -0.222347  
0.0041547  9.87727e-05  -0.00174294  -0.0448195  0.0409375  -0.222161  
0.00495246  0.000101216  -0.00174294  -0.0471179  0.0327427  -0.193864  
0.004801  2.8543e-06  -0.00174294  -0.0469369  0.0678919  -0.233976  
0.00486393  0.000101216  -0.00174294  -0.044479  0.0183438  -0.233987  
0.0058095  0.000101216  -0.00174294  -0.0553915  0.0912287  -0.284642  
0.0054114  0.000204157  -0.00147707  -0.0476256  0.0628426  -0.268398  
0.00583164  -5.28049e-05  -0.00156392  -0.0473778  0.0724249  -0.301339  
0.00567541  5.60662e-05  -0.00161235  -0.0524  0.0791413  -0.263569  
0.00640508  -4.35327e-05  -0.00158994  -0.045215  0.0410672  -0.269595  
0.00563987  -0.00017762  -0.0014457  -0.0533698  0.0648242  -0.270866  
0.00660847  -0.000389357  -0.00108176  -0.0470714  0.0555119  -0.252737  
0.00678629  -0.000546483  -0.00105496  -0.0500395  0.0451813  -0.274744  
0.00640508  -0.000621972  -0.000987514  -0.0459731  0.0777037  -0.247694  
0.00630766  -0.000621972  -0.00073172  -0.0449696  0.0523376  -0.247691  
0.00612765  -0.00052576  -0.000631404  -0.047603  0.0627055  -0.268359  
0.00609221  0.000126777  -0.00107934  -0.065383  0.0762444  -0.280354  
0.00623889  0.00028474  -0.00116431  -0.0748273  0.0547388  -0.256623  
0.00604773  0.00019783  -0.000987185  -0.0204851  0.0548041  -0.293  
0.00646636  1.083e-05  -0.000989926  -0.00824108  0.0546968  -0.296048  
0.00703642  -0.000155425  -0.00140586  -0.0473636  0.0544763  -0.307055  
0.00702772  -0.000110368  -0.00145406  -0.0316758  0.101275  -0.340042  
0.00680976  7.37144e-05  -0.00163216  -0.0590498  0.0535943  -0.337837  
0.00664324  -0.000442407  -0.00122108  -0.047949  0.0750793  -0.377733  
0.00740746  -0.000107789  -0.00213408  -0.085966  0.0594573  -0.359714  
0.0071912  -0.000442407  -0.00166842  -0.0674879  0.0649065  -0.361299  
0.00771917  -0.000156407  -0.0012144  -0.0681579  0.074725  -0.342801  
0.0065577  -0.000326019  -0.00160367  -0.0974931  0.0750049  -0.395808  
0.00687007  -0.000268958  -0.00119543  -0.0995382  0.0606898  -0.368369  
0.00656947  -0.000479486  -0.00157376  -0.0904696  0.0750445  -0.385835  
0.00620053  0.000337673  -0.00119543  -0.106091  0.20608  -0.332305  
0.00628703  0.000101807  -0.000923063  -0.107876  0.177364  -0.376442  
0.00705586  0.000188406  -0.00100116  -0.101852  0.124235  -0.376535  
0.0062821  0.000188406  -0.000727317  -0.0970565  0.124576  -0.376459  
0.00637473  0.000188406  -0.000727317  -0.097365  0.12456  -0.393568  
0.0062612  0.000188406  -0.000527483  -0.0882447  0.124647  -0.417442  
0.00690312  0.00059175  -0.000724071  -0.0984389  0.141042  -0.449986  
0.00728491  0.000188406  -0.000729054  -0.0977182  0.119881  -0.417624  
0.00705708  0.000188406  -0.000609975  -0.104029  0.165689  -0.434433  
0.00693631  0.000321709  -0.000631943  -0.10254  0.119513  -0.40135  
0.00714502  0.000394553  -0.000707862  -0.104147  0.148794  -0.385244  
0.0069452  0.000188406  -0.000444625  -0.104526  0.130628  -0.414976  
0.00674118  0.000188406  -0.000420662  -0.0992368  0.123185  -0.399247  
0.00630573  -7.46626e-05  -0.000292893  -0.101356  0.14183  -0.417341  
0.00689684  0.000238691  -0.000553236  -0.0988347  0.103991  -0.401334  
0.00641124  0.000296711  -0.000292893  -0.0994585  0.15644  -0.389018  
0.00665436  0.00015648  -0.000481367  -0.0988866  0.113746  -0.401039  
0.00649479  0.00022991  -0.000292893  -0.105057  0.132762  -0.371216  
0.00649479  -0.000192168  -0.000292893  -0.0922577  0.155203  -0.398626  
0.00649479  0.000114673  -0.000470248  -0.0890967  0.135035  -0.393417  
0.00668234  -0.000134232  -0.000292893  -0.0928271  0.142666  -0.42442  
0.00649479  -0.000192168  -0.00052899  -0.0904464  0.139197  -0.419528  
0.00687239  8.91435e-05  0.000115378  -0.05573  0.123676  -0.392918  
0.00656632  -0.000101693  -7.42718e-05  -0.0603966  0.141101  -0.414178  
0.00649479  -0.000192168  -0.000157521  -0.0707656  0.123795  -0.398971  
0.00665613  -0.000192168  -4.14833e-05  -0.0785519  0.123738  -0.39877  
0.00656876  -0.000192168  -8.31491e-05  -0.0849902  0.141252  -0.391365  
0.00716101  -7.43229e-05  3.13704e-05  -0.0862827  0.123529  -0.39633  
0.00692675  -9.31274e-05  -3.69236e-05  -0.0879011  0.191321  -0.411678  
0.00686139  -0.000192168  0.000267604  -0.0930515  0.127777  -0.411529  
0.00703857  -0.000286449  -0.000137158  -0.0863505  0.146828  -0.399945  
0.00635239  -0.000192168  -0.000134944  -0.0806348  0.148856  -0.392959  
0.00660599  -0.000445913  -0.000153384  -0.0684976  0.135565  -0.38506  
0.00662265  -0.000636354  -0.000163554  -0.06613  0.164517  -0.401451  
0.00843829  -0.000437432  -9.37551e-05  -0.0790926  0.135327  -0.438815  
0.00782917  -0.000694864  -4.62572e-05  -0.0684155  0.172358  -0.400572  
0.00869477  -0.000412164  -0.000154549  -0.0850723  0.147849  -0.406157  
0.00847237  -3.69411e-05  -0.000219947  -0.0906451  0.147928  -0.416498  
0.008632  -0.000171865  -0.000291496  -0.101641  0.14783  -0.437319  
0.008537  -0.000212105  -0.000161289  -0.09801  0.164119  -0.422703  
0.00852634  8.5883e-05  -0.000246775  -0.0935515  0.158417  -0.438501  
0.00833676  -9.46979e-05  -0.00059257  -0.0817518  0.158679  -0.413689  
0.00890968  0.000197122  -0.000748978  -0.0980605  0.17348  -0.455655  
0.00942218  0.000775963  -0.00102326  -0.128061  0.160619  -0.48262  
0.00897005  -0.000389191  -0.000649769  -0.105701  0.170077  -0.528612  
0.00861726  -0.00186549  6.52338e-05  -0.0636161  0.18076  -0.560012  
0.00846472  -0.000706442  -5.03885e-05  -0.103405  0.140138  -0.591098  
0.00755341  -0.000412666  -0.000211889  -0.114492  0.121879  -0.520192  
0.00763008  -0.000757383  -0.000135062  -0.100371  0.109019  -0.569773  
0.00819371  -0.0016308  -0.00038217  -0.0998881  0.113333  -0.619116  
0.0078675  -0.00103523  -0.000404947  -0.0997561  0.100356  -0.601349  
0.00780928  -0.00126383  -8.16939e-05  -0.0870945  0.100923  -0.655046  
0.00803965  -0.00112622  -0.000326499  -0.086999  0.12565  -0.633615  
0.00864364  -0.00115958  -0.000588946  -0.0977703  0.152873  -0.622932  
0.00867995  -0.00111341  -0.000471657  -0.0970822  0.181325  -0.648928  
0.00788169  -0.00130723  -0.000505719  -0.0895674  0.122331  -0.617952  
0.00810742  -0.00111341  -0.000486074  -0.0870763  0.122164  -0.614713  
0.00788465  -0.00134401  -0.00049428  -0.0872359  0.150444  -0.636138  
0.00872824  -0.00111341  -0.000515657  -0.0870682  0.127307  -0.636303  
0.00841988  -0.00135956  -0.000460066  -0.0871915  0.14399  -0.608336  
0.00842891  -0.00153104  -0.000475212  -0.0872605  0.122977  -0.60508  
0.00790992  -0.00149817  -0.000479918  -0.0872321  0.134369  -0.614197  
0.00770084  -0.00141135  -0.0007333  -0.0872098  0.105493  -0.605246  
0.00813192  -0.00125632  -0.000544189  -0.0871085  0.132598  -0.628016  
0.00822218  -0.00142742  -0.000517979  -0.0906581  0.0963087  -0.618038  
0.008038  -0.000994323  -0.000698265  -0.105154  0.0963437  -0.636333  
0.00797944  -0.0014117  -0.000635569  -0.103774  0.129205  -0.648523  
0.0084313  -0.0014117  -0.000561703  -0.105049  0.113093  -0.636299  
0.00809208  -0.0014117  -0.000677773  -0.103739  0.12055  -0.63335  
0.00791589  -0.0014117  -0.000632952  -0.104211  0.114001  -0.61573  
0.00814865  -0.0014117  -0.000623013  -0.102622  0.106256  -0.638788  
0.00760827  -0.0014117  -0.000550732  -0.0911602  0.120889  -0.619892  
0.00727067  -0.00130744  -0.000607245  -0.087142  0.112196  -0.594493  
0.00784785  -0.00153316  -0.000565311  -0.0873511  0.120788  -0.644283  
0.00768492  -0.00181984  -0.000569933  -0.0833903  0.171825  -0.631668  
0.00512613  -0.00107657  -0.000411104  -0.0817468  0.120087  -0.585021  
0.00656188  -0.00185448  -0.000362221  -0.0997678  0.138596  -0.669987  
0.00614532  -0.00140743  -0.000471073  -0.0929754  0.125985  -0.623213  
0.00667824  -0.00179534  -0.000588108  -0.0849126  0.125661  -0.630824  
0.00653276  -0.00155507  -0.000485382  -0.0847536  0.13018  -0.606941  
0.00574751  -0.00165865  -0.000488794  -0.0954109  0.0827512  -0.613722  
0.00586884  -0.00182066  -0.000665206  -0.0848719  0.12597  -0.609178  
0.00585764  -0.001627  -0.000638677  -0.0847274  0.0749617  -0.601763  
0.00570274  -0.00193747  -0.000472876  -0.0820938  0.0995118  -0.594814  
0.00543173  -0.00164526  -0.000502916  -0.0847423  0.099714  -0.588348  
0.00606287  -0.00173515  -5.47735e-05  -0.076461  0.0971747  -0.637966  
0.00670549  -0.00133326  -0.000488436  -0.103972  0.0989411  -0.625903  
0.00712535  -0.00140054  -0.00056531  -0.11126  0.0811085  -0.644011  
0.00857085  -0.00142074  -0.00144496  -0.130799  0.0514155  -0.617885  
0.00799321  -0.00141543  -0.000943425  -0.124925  0.105714  -0.62306  
0.00970581  -0.00141543  -0.000969997  -0.135475  0.0992834  -0.609422  
0.00919172  -0.00141543  -0.000967584  -0.11901  0.133322  -0.587461  
0.00967179  -0.00141543  -0.00105865  -0.121596  0.0847596  -0.597685  
0.00996457  -0.00134781  -0.000966919  -0.116163  0.124061  -0.603568  
0.00931237  -0.00162388  -0.000936326  -0.107369  0.091322  -0.615841  
0.00943778  -0.00144121  -0.00094978  -0.102372  0.123289  -0.603686  
0.00954854  -0.00144121  -0.000973486  -0.101527  0.0903045  -0.612728  
0.00948105  -0.00158079  -0.000956352  -0.100063  0.125417  -0.609401  
0.00917741  -0.00144121  -0.000969086  -0.104809  0.0996603  -0.636298  
0.00986161  -0.00144121  -0.00100651  -0.10648  0.123366  -0.636275  
0.0104699  -0.00144121  -0.00079458  -0.0949864  0.131257  -0.593803  
0.0106393  -0.00144121  -0.00116272  -0.097679  0.108915  -0.58477  
0.0111198  -0.00144269  -0.00107619  -0.0961153  0.143885  -0.561879  
0.0110345  -0.00133214  -0.000980754  -0.102063  0.113658  -0.557142  
0.0108315  -0.00145146  -0.00153809  -0.105383  0.113698  -0.582179  
0.0104986  -0.00167026  -0.00158654  -0.0885638  0.129918  -0.582161  
0.010968  -0.00134031  -0.00158694  -0.0937952  0.0950273  -0.582246  
0.0137198  -0.00025673  -0.00281225  -0.142833  0.161915  -0.671009  
0.0131822  0.000238093  -0.00283804  -0.159317  0.144516  -0.628875  
0.0129025  0.000148776  -0.00278071  -0.150907  0.131896  -0.599937  
0.0126106  -3.9167e-05  -0.00286507  -0.150949  0.166144  -0.606664  
0.012946  -0.000163996  -0.00275169  -0.15163  0.132355  -0.565556  
0.0130612  7.8369e-06  -0.00292997  -0.151132  0.159061  -0.578591  
0.0130885  -0.000146996  -0.00276367  -0.143225  0.144232  -0.58447  
0.0134201  -0.000290939  -0.00286445  -0.150572  0.181734  -0.604904  
0.0134822  -8.86417e-05  -0.00287975  -0.144305  0.17617  -0.595078  
0.0136366  -2.63099e-08  -0.00294671  -0.152194  0.1783  -0.62691  
0.0135998  -6.98597e-05  -0.00282953  -0.147224  0.206998  -0.626893  
0.0137949  -3.03856e-05  -0.00292173  -0.139973  0.174426  -0.626949  
0.0134331  -1.85505e-05  -0.00285065  -0.134043  0.199775  -0.626848  
0.0135028  -1.54451e-05  -0.00284017  -0.152977  0.164501  -0.626911  
0.0131058  -0.000276976  -0.00309079  -0.134127  0.161404  -0.626968  
0.0135847  -7.20175e-05  -0.00290921  -0.139685  0.159597  -0.59496  
0.0133168  -0.000143987  -0.0028907  -0.142776  0.157626  -0.62115  
0.013174  -8.45788e-05  -0.00285496  -0.14957  0.173129  -0.618004  
0.0136702  -0.000166939  -0.00280499  -0.153172  0.150878  -0.63277  
0.0137592  9.18852e-06  -0.00277863  -0.151534  0.181433  -0.641129  
0.0136843  -4.09895e-05  -0.00280029  -0.151245  0.132667  -0.623306  
0.0135238  -0.00024959  -0.00285457  -0.148276  0.192014  -0.616049  
0.0135711  -0.000367632  -0.0029376  -0.134232  0.204387  -0.605239  
0.0133318  -0.000579452  -0.00271778  -0.132807  0.183463  -0.622902  
