-0.000726063  -0.000735729  -0.000324623  -0.0174539  -0.0349705  -0.0164293  
-0.000604786  -0.000612132  -0.000128694  -0.0174282  -0.0250118  0.0591245  
-0.00123133  -0.000448262  -0.000245671  -0.0174496  -0.0118749  0.0304522  
-0.000780363  -0.000448262  0  -0.00197672  -0.0315636  0.0162324  
-0.000538833  -0.000665578  0.000134953  0.0166398  -0.0508568  0.011543  
-0.00080783  -0.000673009  1.05879e-22  0.00232892  -0.0278318  0.0339865  
-0.00100147  -0.000448262  0  -0.0081032  0.00520524  -0.0238062  
-0.000767399  -0.000698262  0  -0.0174323  -0.0392708  -0.0237833  
-0.000723401  -0.000448262  -0.000341606  -0.017422  -0.0259538  0.014277  
-0.000999969  -0.000448262  -0.000422442  -0.0174315  -0.0392565  -0.0983786  
-0.000820169  -0.000314512  -0.000296122  -0.003134  -0.0492851  -0.0936733  
1.35037e-05  -0.000448262  0  0.00869274  -0.0437023  0.0104201  
-0.000145721  -3.87501e-05  0  -0.00172745  -0.00672329  0.0453392  
-0.000547364  0.000117257  0.000243651  -0.00797255  -0.0295943  -0.0670244  
-0.000234981  -2.45175e-05  0.000577588  0.00656544  -0.0504266  -0.0804767  
0.00027515  -0.000294995  0.000444727  0.0104195  -0.0167031  0.0368974  
-4.22085e-05  -0.00032678  0.000446622  0.00922453  0.0086266  0.0688638  
-0.000199801  -0.00037061  0.000220359  0.0123939  -0.013463  -0.0466893  
-0.000122967  -0.000192755  0.000346419  -0.00199381  -0.00638266  -0.0115612  
2.46233e-05  -0.000448262  0.000228264  0.0035855  0.0106695  0.101973  
6.82016e-05  -1.54758e-05  5.88161e-05  0.00312396  0.00859181  -0.00280941  
-6.11817e-05  0.000124949  9.26457e-05  0.00534074  -0.000198576  -0.0415193  
0.000674391  6.4961e-05  0.000161169  0.00723744  0.0135414  0.0805979  
0.0004857  4.89397e-05  0.000193653  0.00358395  0.0288931  0.113219  
0.000251634  0.000140698  7.31833e-05  0.000229291  0.0316535  0.106169  
0.000392347  0.000523361  0  0.00248011  0.037327  0.118782  
0.000350002  0.000212951  -8.11265e-05  0.00588833  0.00804712  0.103929  
0.000129921  0.000474454  -0.000853769  -0.0174394  -0.0031037  0.0160515  
-6.11817e-05  0.000368966  -0.000853769  -0.0174381  -0.014277  -0.107344  
0.000593672  0.000479404  -0.000532615  -0.00336116  -0.0245897  0.00638072  
8.48569e-05  0.000368966  -0.000853769  -0.000354693  -0.01446  -0.0302841  
0.000814678  0.000368966  -0.000704621  0.00127193  -0.0092505  0.0144653  
2.00758e-05  0.000368966  -0.000656767  0.00316839  -0.0301411  -0.00262618  
0.000778134  0.000368966  -0.000853769  0.000383912  -0.0361719  -0.0386284  
0.000400472  0.000368966  -0.000853769  0.00399087  -0.0267407  -0.0108794  
0.000101015  0.000368966  -0.00121673  0.00958581  -0.0341053  -0.0503551  
0.000242984  0.000258739  -0.00105326  0.0150913  -0.0323694  -0.0711634  
-2.74985e-05  -4.23083e-05  -0.000743782  0.0183553  -0.0282523  0.0228619  
-0.000133122  -7.86615e-05  -0.000577996  0.0250131  -0.0133179  0.0151583  
-0.000208181  6.40311e-06  -0.000522835  0.0183401  -0.0132997  0.015159  
0.000467143  -0.000149448  -0.000853769  0.0264142  0.000432283  -0.0232727  
0.000123923  -0.000866118  -0.000519326  0.0369103  0.00112281  -0.0471216  
-0.000799616  -0.000222318  -0.000232401  0.0359897  -0.0102011  -0.00570058  
-0.000527535  -0.000577423  0.000137399  0.0703338  -0.0132914  0.0132558  
-0.00123087  -0.000468282  0.000393585  0.0557801  -0.0276601  -0.0919845  
-0.00113379  -0.000635695  0.000745079  0.071858  -0.0281859  -0.16125  
0.000283174  -0.000635695  0.000339965  0.0671994  -0.0180468  -0.0609551  
-0.000586089  -0.00111693  0.00139446  0.169151  -0.0332515  -0.160042  
-0.00130296  -0.00186822  0.00310573  0.267529  -0.0655439  -0.300345  
-0.00166509  -0.00142073  0.00103302  0.218512  -0.0372276  -0.337378  
-0.0012458  -0.00106521  -0.00074461  0.151338  0.00692475  -0.255849  
-0.00133095  -0.00240892  0.000338621  0.180233  0.0130746  -0.124004  
-0.00124708  -0.00249141  0.000590796  0.19569  0.0169624  -0.156722  
-0.00160337  -0.00250037  0.000590796  0.208814  0.0311256  -0.159797  
-0.00114707  -0.00450349  0.000174412  0.222067  0.0257505  -0.0605081  
-0.000535623  -0.00655785  0.00221822  0.247774  -0.00792064  -0.0780142  
-0.000666509  -0.00568428  0.00196459  0.239069  0.0126168  -0.093889  
-0.000611574  -0.0051493  0.00157667  0.239117  0.0223524  -0.129918  
-0.000666509  -0.00464611  0.000382475  0.206342  0.0352455  -0.0574888  
-0.000950181  -0.00429621  0.00026198  0.202585  0.0317532  -0.126307  
-0.000666509  -0.00438397  0.000879571  0.234928  0.0315769  -0.126353  
-0.00161668  -0.00415161  0.000994588  0.229941  0.0287511  -0.198063  
-0.000708038  -0.00430118  0.00138865  0.236037  0.0314895  -0.10819  
-0.00149814  -0.00361469  0.000972982  0.235414  0.0295823  -0.187729  
-0.00132307  -0.00390391  0.00138865  0.236525  0.0315565  -0.171871  
-0.001533  -0.0039546  0.00101556  0.231534  0.031696  -0.220128  
-0.00113809  -0.00346571  0.00138865  0.231652  0.031524  -0.216449  
-0.0012681  -0.00376697  0.00149551  0.231617  0.0315151  -0.165588  
-0.000983718  -0.00440135  0.00206182  0.248302  0.0313079  -0.167354  
-0.00109106  -0.00417426  0.00179461  0.259425  0.0544129  -0.1803  
-0.000648526  -0.00420704  0.00211246  0.265472  0.038338  -0.148917  
-0.000710184  -0.00376443  0.00211246  0.266822  0.0417159  -0.150029  
-0.00130885  -0.00376443  0.00192243  0.25275  0.0155818  -0.183867  
0.000263427  -0.00282946  0.00197897  0.232145  0.0252146  -0.255417  
-0.000613175  -0.00258225  0.00211246  0.234561  0.0333541  -0.226628  
-0.00130239  -0.00316303  0.00185808  0.222405  0.0257161  -0.325162  
-0.000243909  -0.00275376  0.00221675  0.235268  0.0150742  -0.251638  
-0.000841413  -0.00302317  0.00162653  0.217952  0.0255868  -0.181859  
-0.000886131  -0.00258225  0.00211247  0.218095  0.0326951  -0.17357  
0.00104174  -0.00258225  0.00211247  0.228074  0.055645  -0.195004  
0.000688416  -0.00248135  0.00188674  0.218106  0.0529891  -0.197198  
0.000786152  -0.00260295  0.00211247  0.231266  0.0414982  -0.199512  
0.000171862  -0.00272944  0.00211247  0.239816  0.0477596  -0.199513  
0.000493111  -0.00265639  0.00201449  0.226644  0.0565215  -0.256574  
0.000597106  -0.00275134  0.00211247  0.232483  0.0431802  -0.191527  
0.00060907  -0.00262504  0.00186659  0.233856  0.0503517  -0.226504  
0.000296404  -0.00257298  0.0017791  0.218128  0.0433843  -0.241922  
0.000308023  -0.00286009  0.0017515  0.218082  0.0364191  -0.243479  
0.00066946  -0.00292323  0.00197831  0.222513  0.0432462  -0.189798  
0.00110395  -0.002959  0.00211247  0.232572  0.0451851  -0.166109  
0.000919991  -0.0031039  0.00211247  0.235242  0.0432222  -0.192803  
0.00147199  -0.00312073  0.00224385  0.243729  0.043092  -0.18464  
0.00104815  -0.00310539  0.00175719  0.243639  0.0433321  -0.2273  
0.000973782  -0.00333389  0.00211247  0.239404  0.0572893  -0.17973  
0.000658837  -0.00304982  0.00211247  0.243737  0.0532458  -0.203793  
0.00104773  -0.00328679  0.00211247  0.243693  0.057906  -0.167375  
0.0010123  -0.00316076  0.00189095  0.251357  0.0555488  -0.251689  
0.00117196  -0.00311443  0.00190237  0.243707  0.0555134  -0.200876  
0.00113299  -0.00287747  0.00190237  0.243759  0.0674594  -0.274515  
0.00139928  -0.00326991  0.00212455  0.243718  0.0627815  -0.223671  
0.00111104  -0.00361775  0.00237264  0.262544  0.0534887  -0.259254  
0.00122192  -0.00348541  0.00237264  0.243662  0.0535221  -0.231388  
0.000844986  -0.00343138  0.00237264  0.251668  0.0762145  -0.267019  
0.00148716  -0.00329621  0.00237264  0.267599  0.0586577  -0.298026  
0.0010266  -0.00294308  0.00237264  0.266414  0.0657385  -0.266044  
0.000557703  -0.00310397  0.00197048  0.272546  0.0620232  -0.295975  
-0.000389233  -0.00281414  0.00237264  0.280117  0.0497202  -0.261614  
0.00127457  -0.00319173  0.0029777  0.293667  0.0260047  -0.268927  
0.0011632  -0.00307221  0.00272279  0.286354  0.0612435  -0.302061  
0.00214375  -0.00322608  0.0029777  0.292067  0.0467103  -0.439984  
0.00478162  -0.00339643  0.00378121  0.350613  -0.00357333  -0.453567  
0.00517735  -0.00295136  0.00351772  0.348202  0.0528904  -0.317669  
0.00405071  -0.00266817  0.00363185  0.345718  0.0619732  -0.449665  
0.00395467  -0.00323236  0.0033948  0.353259  0.0273438  -0.48637  
0.00413493  -0.00331271  0.00409791  0.383444  0.0456646  -0.439723  
0.00348304  -0.00362844  0.00493076  0.399543  0.0410887  -0.539152  
0.00353499  -0.00340282  0.00504887  0.395007  0.0158728  -0.435041  
0.00343358  -0.00365625  0.00503786  0.384403  0.052973  -0.311518  
0.00348268  -0.00382358  0.00492865  0.390677  0.0575543  -0.308771  
0.00354538  -0.00364044  0.00478265  0.390277  0.05391  -0.297185  
0.00302622  -0.00382893  0.00472163  0.378107  0.0395464  -0.362694  
0.00295501  -0.00391378  0.00454827  0.391708  0.0535578  -0.364003  
0.00309654  -0.00393996  0.00475088  0.394185  0.0540978  -0.292995  
0.00320685  -0.00381198  0.00486861  0.394171  0.0583232  -0.317883  
0.00241351  -0.00396054  0.00484619  0.392962  0.0415218  -0.31951  
0.00260664  -0.00401811  0.00470639  0.38357  0.0346344  -0.317026  
0.0026185  -0.00403876  0.00464214  0.399084  0.0396157  -0.351808  
0.0026642  -0.00408316  0.00460597  0.384445  0.022781  -0.416182  
0.00258809  -0.00364867  0.00414119  0.365112  0.0230301  -0.405981  
0.00222129  -0.00323286  0.00394176  0.355293  0.0232474  -0.357609  
0.00247067  -0.00391188  0.00352338  0.362022  0.0172671  -0.424765  
0.00286135  -0.00364867  0.00331779  0.343675  0.0308029  -0.366835  
0.00299395  -0.00380405  0.00216974  0.287435  0.0545189  -0.369845  
0.00316526  -0.00380646  0.00270104  0.311648  0.0404949  -0.449789  
0.00354524  -0.00414331  0.00339349  0.328804  0.0408911  -0.395265  
0.00309313  -0.00435348  0.00345415  0.348768  0.0254165  -0.443343  
0.00298771  -0.00407392  0.00387782  0.356479  0.0233981  -0.404501  
0.00271079  -0.00405768  0.00452071  0.389972  0.0119645  -0.442873  
0.00382745  -0.00410487  0.00430433  0.348876  0.0298165  -0.391775  
0.0034429  -0.00453524  0.00474434  0.40306  0.0340222  -0.459256  
0.00327081  -0.00477339  0.00522798  0.414657  0.0440654  -0.400525  
0.00289487  -0.00492695  0.00563675  0.430715  0.043998  -0.460313  
0.00302106  -0.00478308  0.00563676  0.429746  0.0439241  -0.388841  
0.00265127  -0.00476214  0.00563676  0.425767  0.0441183  -0.486575  
0.00339902  -0.00462847  0.00604778  0.443548  0.0436176  -0.514004  
0.0030019  -0.00433748  0.00604778  0.460924  0.0271502  -0.563069  
0.0033007  -0.00462464  0.00604779  0.449765  0.0133838  -0.563591  
0.00327773  -0.0040946  0.00616936  0.460585  0.0392071  -0.514761  
0.0026502  -0.00413321  0.00544706  0.442341  0.109569  -0.3147  
0.00268496  -0.00376493  0.00618022  0.415058  0.0518708  -0.354906  
0.00383155  -0.00374015  0.00634887  0.408328  0.0136643  -0.349099  
0.00335585  -0.00441699  0.00618022  0.407188  0.044257  -0.355261  
0.003782  -0.00397665  0.00618022  0.409002  0.0507406  -0.328503  
0.00330304  -0.00397665  0.00618022  0.416657  0.0646823  -0.304285  
0.00344235  -0.00397665  0.00618022  0.41449  0.0639187  -0.25758  
0.00202534  -0.00356854  0.00618022  0.408673  0.0406675  -0.270763  
0.00201544  -0.00342552  0.00618022  0.412816  0.0319634  -0.299342  
0.00250205  -0.0033746  0.00572569  0.390057  0.0520271  -0.289071  
0.00197073  -0.00357114  0.00548911  0.390045  0.0403036  -0.366941  
0.00229134  -0.00366691  0.00599757  0.411654  0.0519471  -0.372616  
0.00264059  -0.00345444  0.00598355  0.397166  0.0518735  -0.326192  
0.00241154  -0.00380066  0.00618023  0.389973  0.0518393  -0.394436  
0.00252496  -0.00333371  0.00577312  0.407199  0.0584236  -0.337102  
0.00264059  -0.00336882  0.00618023  0.415525  0.0617072  -0.374211  
0.00258475  -0.00397666  0.00559963  0.392945  0.0597424  -0.363045  
0.00264059  -0.00356756  0.00578689  0.403209  0.0551199  -0.358536  
0.00271701  -0.00381757  0.00558432  0.40312  0.0520768  -0.344732  
0.00259793  -0.00397666  0.00501052  0.381518  0.0714179  -0.344826  
0.00267437  -0.00288974  0.00322531  0.267457  0.0991117  -0.22926  
0.00237955  -0.00309036  0.00224194  0.22783  0.125424  -0.25784  
0.00257188  -0.00308168  0.00227833  0.256214  0.121367  -0.232168  
0.00237199  -0.00280587  0.00222098  0.267672  0.138709  -0.195318  
0.00234724  -0.00266346  0.00234224  0.288579  0.150625  -0.262055  
0.00237903  -0.00327075  0.00339232  0.322243  0.116469  -0.263587  
0.00161178  -0.00397203  0.0042809  0.362154  0.0597833  -0.444984  
0.00225442  -0.00375443  0.0042218  0.337924  0.0595118  -0.382454  
0.00260157  -0.00384221  0.0042809  0.33786  0.0594145  -0.437172  
0.00311212  -0.00371504  0.00430379  0.337939  0.0592369  -0.39422  
0.00274877  -0.00368723  0.00398994  0.337931  0.0646073  -0.348422  
0.00314504  -0.00350108  0.00435419  0.338058  0.0768048  -0.348928  
0.00305685  -0.00336374  0.00442714  0.342354  0.0957765  -0.318982  
0.00294172  -0.00370506  0.00442714  0.338055  0.0743538  -0.296142  
0.0027457  -0.00369484  0.00442714  0.359366  0.0670789  -0.34672  
0.00252658  -0.00370511  0.00442714  0.3542  0.0587563  -0.343916  
0.00274022  -0.0035363  0.00442714  0.364301  0.0744452  -0.373368  
0.00269391  -0.00370048  0.00436477  0.356875  0.0668243  -0.345944  
0.00270721  -0.0030984  0.00442714  0.338159  0.0744321  -0.324549  
0.00250691  -0.00277966  0.00381261  0.338176  0.0747693  -0.32981  
0.00274497  -0.00271143  0.00386345  0.325056  0.100152  -0.321384  
0.00330896  -0.00242056  0.00395367  0.330709  0.0876678  -0.324348  
0.00294858  -0.00219944  0.00372453  0.316933  0.100269  -0.416605  
0.00317159  -0.00219944  0.00387534  0.337749  0.0742599  -0.327521  
0.00296265  -0.00219944  0.00378868  0.310042  0.100196  -0.389042  
0.0030189  -0.00281249  0.00472272  0.338183  0.0628925  -0.33043  
0.00245022  -0.00352869  0.00429754  0.362931  0.0812603  -0.346718  
0.00277452  -0.0034261  0.00429754  0.344949  0.0979057  -0.329173  
0.00321011  -0.00334463  0.00460274  0.338079  0.0976596  -0.345997  
0.00331741  -0.00324615  0.00466754  0.338114  0.0976036  -0.335991  
0.00272383  -0.00319951  0.00452616  0.339709  0.0929099  -0.335904  
0.00292642  -0.00329861  0.00462831  0.339604  0.0915314  -0.32679  
0.00308105  -0.00364218  0.00448156  0.338796  0.10833  -0.382598  
0.00361597  -0.00321889  0.00459415  0.349807  0.090806  -0.317938  
0.00308132  -0.00312766  0.00472287  0.356737  0.0998168  -0.407543  
0.00314808  -0.00325965  0.00500572  0.362573  0.0996751  -0.352198  
0.00340287  -0.00326451  0.00487545  0.350971  0.0996107  -0.380682  
0.003282  -0.00341816  0.00497412  0.355072  0.103185  -0.359529  
0.00349937  -0.0032339  0.0053791  0.352006  0.0992677  -0.366171  
0.0036356  -0.00323884  0.0047405  0.351879  0.120919  -0.365813  
0.00387531  -0.00326639  0.00518193  0.360319  0.115501  -0.329518  
0.00348629  -0.00326639  0.00499431  0.360701  0.108517  -0.374343  
0.00328332  -0.00359712  0.00498189  0.371625  0.0984503  -0.322762  
0.00300379  -0.00349473  0.00502976  0.365279  0.122674  -0.385508  
0.003224  -0.00358737  0.00510644  0.359684  0.0871395  -0.319188  
0.00294731  -0.00339408  0.00523857  0.360708  0.100984  -0.339855  
0.00305984  -0.00354673  0.00520568  0.362368  0.123473  -0.326374  
0.00314198  -0.00349661  0.00510615  0.362019  0.103497  -0.353174  
0.00328393  -0.00346513  0.00488268  0.351872  0.111595  -0.333976  
0.00289283  -0.00339408  0.0047405  0.368856  0.119434  -0.39352  
0.00325537  -0.00347561  0.0047405  0.351854  0.110236  -0.316584  
0.00341359  -0.00339408  0.00509588  0.351938  0.137252  -0.360301  
0.00284239  -0.00339408  0.00490285  0.351899  0.122103  -0.405234  
0.00223696  -0.00251796  0.00532039  0.335872  0.154621  -0.184612  
0.00196362  -0.00210468  0.00474051  0.314805  0.0243876  -0.222867  
0.00229812  -0.00165819  0.00461221  0.291155  0.0612754  -0.256976  
0.00244547  -0.00161153  0.00474051  0.294223  0.0670569  -0.2769  
0.00265038  -0.0023623  0.00435682  0.29107  0.0724132  -0.403006  
0.00268253  -0.00170166  0.00434762  0.29416  0.0597847  -0.347079  
0.0030314  -0.00163788  0.00407042  0.294112  0.0990957  -0.233713  
0.00296129  -0.00173643  0.00417682  0.28527  0.0990332  -0.294799  
0.00253788  -0.00148605  0.00406897  0.28193  0.0990646  -0.218952  
0.0027114  -0.00173971  0.00396132  0.28996  0.0908964  -0.247796  
0.00256808  -0.0018581  0.00393155  0.29369  0.09066  -0.264827  
0.00268763  -0.00179012  0.00390168  0.281945  0.0872898  -0.268834  
0.00246793  -0.00174332  0.00384916  0.287961  0.0806271  -0.303977  
