0  0.000308223  0  -0.0323464  0.0191649  0.0178138  
-0.00015397  -0  0  0.0157782  0.00947938  -1.52231e-06  
0  -0  0  0.012301  -0.0246122  0  
0  -0  -0.000329475  -0.0135627  -0.0196918  -0.0305052  
-0.000406636  -1.68018e-23  -0.000309939  0.00634877  -0.0196447  -0.0388658  
-5.72794e-05  0.000483807  -0.000318424  -0.0142884  -0.0367092  -0.0855806  
-0.000519835  0.00046024  -0.000490833  -0.0224363  0.023704  -0.141339  
-0.000120777  0.000375994  -0.000389663  -0.00769818  0.0258127  -0.125475  
2.44259e-05  0.000517889  -0.000574047  -0.0247897  0.0420698  -0.141397  
-0.000133182  0.000598689  -0.000387985  -0.0142243  0.0421052  -0.171069  
-0.000121582  0.000936073  -0.000799641  -0.0490065  0.0304026  -0.182659  
-5.74877e-05  0.0010717  -0.000672769  -0.0540837  0.0182391  -0.181806  
0.000272487  0.000828856  -0.000724119  -0.022156  0.015749  -0.161342  
0.000484911  0.0007104  -0.000448252  -0.00454571  0.0481854  -0.186624  
0.000326618  0.000828856  -0.000574528  -0.0344923  0.0186186  -0.165162  
0.00124854  0.0011522  -0.000366035  -0.0238497  0.0227878  -0.187337  
0.00108943  0.000828856  -0.00052906  -0.00622309  0.0475721  -0.201567  
0.00114727  0.000828856  -0.000773011  -0.0183176  0.039471  -0.182693  
0.000733345  0.000828856  -0.000343804  -0.00618177  0.0326132  -0.206747  
0.000414032  0.000828856  -0.000358452  -0.0061973  0.0489204  -0.190307  
0.000588142  0.000828856  -0.000587596  -0.00623241  0.0124294  -0.197665  
0.000722423  0.000828856  -0.00036752  0.000863328  0.0311048  -0.194876  
0.000711248  0.000531286  -0.000530041  0.0157375  0.0341463  -0.200805  
0.00118964  0.00049447  -0.000519635  0.0329925  0.0291948  -0.169494  
0.00105192  0.000397913  -0.000282873  0.0367194  0.0543472  -0.17222  
0.0011217  0.000298742  -0.000609221  0.0366602  0.0483784  -0.169504  
0.00177937  0.000298742  -0.000423136  0.0536033  0.0541888  -0.181171  
0.00102232  0.000298742  -0.000588901  0.0421204  0.0900383  -0.213657  
0.00178368  0.000242216  -0.000508617  0.0559253  0.0555252  -0.195437  
0.00142261  0.000144425  -0.000548776  0.041776  0.0693021  -0.189794  
0.00155696  0.000298742  -0.000392105  0.0559337  0.0719028  -0.160066  
0.00208123  0.000298742  -0.000349324  0.0559535  0.0538031  -0.176723  
0.00143727  0.000503198  -0.000273695  0.0560031  0.0719693  -0.176603  
0.00155921  0.000298742  -0.00019538  0.0672356  0.0566507  -0.14746  
0.00121052  0.000298742  0.000180481  0.0805987  0.102085  -0.168597  
0.00155921  0.000298742  9.51211e-05  0.0736967  0.0787814  -0.149371  
0.00190496  0.000298742  0.000207017  0.105097  0.090483  -0.178901  
0.00148594  0.000298742  0.000297796  0.110606  0.103382  -0.188728  
0.00255241  0.000616847  0.000207017  0.0771513  0.0756261  -0.176539  
0.00269411  0.00056033  0.000938768  0.139305  0.0955604  -0.198868  
0.00313938  6.12088e-06  0.00109485  0.168784  0.0913404  -0.188554  
0.00244411  7.56832e-05  0.00107767  0.180366  0.0912136  -0.186747  
0.00330012  0.000298742  0.00125803  0.180666  0.0953418  -0.173407  
0.00304303  0.000298742  0.000991504  0.168833  0.119202  -0.183279  
0.00334484  0.000376244  0.00059691  0.15219  0.0989659  -0.152768  
0.00344393  0.000583596  0.000802522  0.141384  0.107312  -0.155796  
0.00328809  0.000298743  0.000917852  0.150613  0.119548  -0.155819  
0.00344393  0.000298743  0.000998321  0.168846  0.105625  -0.129792  
0.00344393  0.000151814  0.000906235  0.16078  0.118173  -0.165305  
0.00305883  0.000298743  0.00110726  0.161302  0.114181  -0.14345  
0.00376135  0.000576369  0.000921014  0.133688  0.108727  -0.126852  
0.00367661  0.000644504  0.00118794  0.158766  0.120123  -0.137589  
0.00448299  0.000521809  0.000955432  0.168843  0.110582  -0.141695  
0.00396935  0.000298743  0.00119491  0.185842  0.12926  -0.172191  
0.00374836  0.000298743  0.00129778  0.178732  0.134997  -0.1422  
0.00403664  0.000298743  0.00114788  0.168866  0.11809  -0.14989  
0.00347003  0.000298743  0.000955433  0.165798  0.135118  -0.143494  
0.00403664  0.000298743  0.000955433  0.16584  0.106867  -0.123365  
0.00378664  0.000240469  0.000955433  0.168804  0.12827  -0.162472  
0.00378664  0.000247025  0.000955433  0.148232  0.121843  -0.142576  
0.00403664  0.000298743  0.000955433  0.144281  0.13131  -0.142631  
0.0036087  0.000298743  0.000955433  0.168812  0.135105  -0.142495  
0.00403664  0.000298743  0.000955433  0.168812  0.135048  -0.142631  
0.00378664  0.000298743  0.000955433  0.168812  0.148885  -0.150249  
0.00378664  -0.000122498  0.000955433  0.186109  0.129385  -0.135723  
0.00378664  6.94793e-06  0.00100694  0.189128  0.120565  -0.133007  
0.00360602  -9.78287e-05  0.00106803  0.208267  0.134001  -0.133001  
0.00403664  -0.000127171  0.000955433  0.207506  0.12389  -0.118917  
0.00284288  -0.00018784  0.0012762  0.210627  0.146695  -0.132795  
0.0034032  -0.000138189  0.000955433  0.210237  0.137469  -0.137722  
0.00320627  -0.000200909  0.00121428  0.212947  0.149177  -0.1531  
0.00320627  -0.000579878  0.00118929  0.21001  0.159641  -0.142595  
0.00320627  -0.000121719  0.00131361  0.211441  0.126509  -0.119026  
0.00268401  -0.0001771  0.00132247  0.213464  0.143339  -0.146461  
0.00325317  -0.000121719  0.00136675  0.210158  0.12183  -0.116937  
0.00275823  -0.000121719  0.00116296  0.219757  0.139631  -0.144136  
0.00313138  -0.000236952  0.00127125  0.212382  0.139561  -0.12598  
0.00299155  -0.000121719  0.00117477  0.202535  0.139592  -0.16858  
0.00275823  -0.000412245  0.000955434  0.205532  0.139694  -0.140613  
0.00292881  -0.000121719  0.00120651  0.209049  0.139595  -0.151954  
0.00287334  -0.000121719  0.000955434  0.208117  0.143846  -0.175459  
0.00331105  -0.000296513  0.00131524  0.222384  0.137052  -0.162294  
0.00377521  -0.000121719  0.00119043  0.215561  0.158781  -0.163887  
0.00293535  -0.000121719  0.00149482  0.210849  0.156468  -0.158714  
0.00337998  -0.000121719  0.00139912  0.217626  0.142213  -0.171413  
0.00337998  -0.000251035  0.00124156  0.214777  0.163994  -0.202927  
0.00337998  -0.000121719  0.00115243  0.211322  0.143959  -0.175362  
0.00395705  -0.000121719  0.00110127  0.220761  0.153476  -0.196143  
0.00330238  -0.000121719  0.00115638  0.22724  0.167111  -0.17488  
0.00391579  -0.000175418  0.00172272  0.227406  0.15323  -0.174068  
0.00384649  -0.000471002  0.0014305  0.227281  0.172415  -0.174104  
0.00393351  -0.000576923  0.00176535  0.258172  0.154702  -0.151859  
0.00384649  -0.000534051  0.00154695  0.246951  0.173176  -0.19054  
0.00303079  -0.00052537  0.00176534  0.25238  0.178089  -0.170748  
0.00345449  -0.000857146  0.00176534  0.26147  0.170325  -0.17011  
0.00303493  -0.00052537  0.0021107  0.263825  0.195829  -0.193171  
0.00393048  -0.00101771  0.0023316  0.273299  0.151798  -0.179697  
0.00373563  -0.00052537  0.00225669  0.277774  0.184531  -0.194836  
0.00359139  -0.000577971  0.00201792  0.273167  0.157671  -0.154713  
0.00373563  -0.000836877  0.00208977  0.27493  0.17184  -0.187694  
0.00329688  -0.00052537  0.0023316  0.275392  0.160502  -0.157144  
0.00395605  -0.00099982  0.00195101  0.286288  0.160597  -0.142551  
0.00340409  -0.000933462  0.0023316  0.299771  0.186662  -0.159078  
0.00393632  -0.000858278  0.00214866  0.29648  0.160571  -0.144759  
0.00346053  -0.000867926  0.00208598  0.294451  0.192039  -0.187713  
0.00339423  -0.000642906  0.00199608  0.28709  0.162244  -0.144015  
0.00268625  -0.00052537  0.0023316  0.300106  0.185872  -0.205149  
0.00328081  -0.00052537  0.00241594  0.308273  0.185703  -0.207071  
0.00388578  -0.00052537  0.00266813  0.306177  0.204933  -0.240253  
0.00328081  -0.00052537  0.00274427  0.301577  0.219269  -0.240469  
0.00347721  -0.00052537  0.00254722  0.287321  0.206967  -0.219596  
0.00345281  -0.000717598  0.00274427  0.306471  0.207963  -0.217143  
0.00396536  -0.000744841  0.00263332  0.314796  0.184808  -0.219818  
0.0033249  -0.000756676  0.00262973  0.314677  0.198716  -0.219631  
0.0041581  -0.000704353  0.00274427  0.320054  0.180337  -0.226773  
0.00397457  -0.000775068  0.0026819  0.324233  0.197298  -0.240305  
0.00393644  -0.00052537  0.00274427  0.315767  0.196167  -0.204158  
0.00430975  -0.000766189  0.00257972  0.320173  0.203271  -0.22277  
0.0032335  -0.000837386  0.00280652  0.327375  0.21651  -0.205975  
0.00507806  -0.000941833  0.00274427  0.343269  0.20476  -0.226422  
0.00362696  -0.0010311  0.00274426  0.347927  0.22437  -0.234783  
0.00399884  -0.00103095  0.0029073  0.352318  0.191237  -0.189564  
0.00314111  -0.000873554  0.00317665  0.352329  0.21291  -0.194289  
0.00357026  -0.000847796  0.00302309  0.347762  0.195544  -0.17397  
0.00371865  -0.000525371  0.00317665  0.329567  0.220049  -0.245917  
0.00399798  -0.000525371  0.0030892  0.329529  0.206611  -0.220937  
0.00371865  -0.00080639  0.00293233  0.337242  0.23131  -0.24604  
0.00389194  -0.000894253  0.00317665  0.337371  0.200414  -0.246149  
0.00371865  -0.00093221  0.00317665  0.362833  0.197986  -0.229862  
0.00371865  -0.00101427  0.00317665  0.362628  0.200473  -0.226601  
0.00401992  -0.000947377  0.00317665  0.369111  0.19018  -0.224302  
0.00359586  -0.000976834  0.00306907  0.368867  0.219581  -0.246098  
0.00398872  -0.000999612  0.00317665  0.377623  0.191654  -0.2164  
0.00378115  -0.0011211  0.00317665  0.384927  0.219484  -0.247986  
0.00396742  -0.00135754  0.00317665  0.386151  0.21944  -0.222097  
0.00411348  -0.00127301  0.00317665  0.385843  0.225708  -0.239305  
0.00350831  -0.000973959  0.00317665  0.387329  0.222431  -0.214929  
0.00449455  -0.00122078  0.00326531  0.38623  0.213696  -0.226754  
0.00390831  -0.00124292  0.00317665  0.399527  0.226739  -0.258946  
0.00421629  -0.00129134  0.00317665  0.399725  0.214547  -0.257886  
0.003706  -0.000973959  0.00328194  0.395861  0.230841  -0.285541  
0.003548  -0.000894185  0.00317665  0.361801  0.187053  -0.277457  
0.00357542  -0.00109569  0.00317665  0.384103  0.219828  -0.262701  
0.0035282  -0.000973959  0.00317665  0.384133  0.203468  -0.25257  
0.00374776  -0.000973959  0.00339803  0.394691  0.215727  -0.254786  
0.00196423  -0.000973959  0.00317665  0.384133  0.191792  -0.206322  
0.00224039  -0.000973959  0.0032967  0.391789  0.17819  -0.161262  
0.00150482  -0.00113854  0.00317665  0.397119  0.186147  -0.183796  
0.00157146  -0.00116967  0.00317665  0.400051  0.165884  -0.154699  
0.000745261  -0.00097396  0.0032782  0.4023  0.191001  -0.168383  
0.000585039  -0.000973959  0.00360042  0.384266  0.176424  -0.142456  
0.000653852  -0.000973959  0.00345916  0.400313  0.178496  -0.152816  
-0.000228189  -0.00097396  0.00360042  0.403018  0.198839  -0.140861  
0.000358732  -0.00097396  0.00338469  0.403448  0.187615  -0.153054  
-0.000641543  -0.00136731  0.00338372  0.403731  0.215292  -0.173002  
-0.000127866  -0.00097396  0.00360042  0.406358  0.183548  -0.14346  
-0.000662728  -0.00126111  0.00360042  0.404018  0.221091  -0.192666  
-3.05399e-05  -0.00120051  0.00360042  0.39829  0.190457  -0.170464  
-0.000356653  -0.00109722  0.00360042  0.402503  0.215539  -0.184228  
-0.000831908  -0.00097396  0.00360042  0.398191  0.208786  -0.163686  
0.00035573  -0.00110837  0.00360042  0.410564  0.205219  -0.148758  
-0.000872587  -0.00097396  0.00360042  0.411296  0.196911  -0.153184  
-0.00038039  -0.00122816  0.00360042  0.404656  0.178108  -0.128888  
-0.000837467  -0.00137604  0.00353642  0.416075  0.180494  -0.141393  
-0.000547304  -0.00140439  0.00374569  0.419942  0.187647  -0.128942  
-0.000717376  -0.00127003  0.00378686  0.4211  0.190706  -0.135028  
-0.00128272  -0.00149366  0.00353377  0.420144  0.196763  -0.150134  
-0.000628878  -0.0012085  0.00390577  0.41998  0.186219  -0.114019  
-0.00120655  -0.0011458  0.00346364  0.419849  0.214307  -0.156387  
-0.0012734  -0.00124195  0.00356712  0.423875  0.187809  -0.136211  
-0.000858669  -0.00138092  0.00354968  0.424267  0.202219  -0.148269  
-0.00169656  -0.00116098  0.00360965  0.425018  0.21431  -0.152953  
-0.00123536  -0.00150096  0.00337642  0.429778  0.194483  -0.136353  
-0.00102112  -0.00097396  0.00346091  0.412401  0.229381  -0.253497  
-0.000612649  -0.00097396  0.00357069  0.425442  0.199943  -0.175625  
-0.00138779  -0.00128733  0.00397195  0.412101  0.236024  -0.197573  
-0.00100458  -0.00109408  0.00397195  0.412078  0.186595  -0.162777  
-0.000699038  -0.00097396  0.00397195  0.409226  0.205646  -0.144385  
-0.00114698  -0.00113489  0.00390149  0.410974  0.188885  -0.14169  
-0.000783705  -0.00097396  0.00369045  0.41483  0.163314  -0.108192  
-0.00114034  -0.00130569  0.00364874  0.415351  0.187285  -0.140793  
-0.000916872  -0.00120582  0.00345143  0.425045  0.168365  -0.128475  
-0.00141882  -0.00148583  0.00351508  0.426535  0.196611  -0.160171  
-0.00121742  -0.0015787  0.00394971  0.431442  0.183852  -0.138685  
-0.00121742  -0.00142323  0.00360885  0.439849  0.219608  -0.18846  
-0.00143771  -0.00137757  0.00385603  0.441385  0.212718  -0.16572  
-0.00150358  -0.00137757  0.00394971  0.425749  0.214932  -0.179449  
-0.00188075  -0.00137758  0.00401082  0.425776  0.216049  -0.179952  
-0.00115326  -0.00137758  0.00394971  0.425749  0.217403  -0.180627  
-0.00185203  -0.00137757  0.00406762  0.427291  0.224588  -0.171257  
-0.00102499  -0.00147005  0.00386896  0.438942  0.191217  -0.166022  
-0.00195678  -0.00132693  0.00403995  0.428798  0.212035  -0.165557  
-0.00111106  -0.00153101  0.00396721  0.432692  0.200805  -0.12649  
-0.00182991  -0.00134724  0.00396018  0.431742  0.230956  -0.166995  
-0.00107915  -0.00133718  0.00394763  0.434001  0.200319  -0.135862  
-0.00181426  -0.00142573  0.00394763  0.432537  0.232774  -0.153497  
-0.00138238  -0.00148911  0.0038747  0.435424  0.207231  -0.160898  
-0.00133866  -0.00133568  0.00382044  0.441114  0.209932  -0.199225  
-0.00195788  -0.00109471  0.00403741  0.42967  0.22517  -0.174537  
-0.000779261  -0.000922023  0.00396679  0.447003  0.196793  -0.176114  
-0.00185956  -0.00129429  0.00396679  0.44  0.224494  -0.171262  
-0.00108967  -0.000922023  0.00396679  0.452276  0.201892  -0.17918  
-0.00189548  -0.00127101  0.00418532  0.440914  0.229163  -0.186434  
-0.00127725  -0.000922023  0.00412146  0.433479  0.208509  -0.159936  
-0.00137259  -0.00132646  0.00431757  0.439434  0.236563  -0.177293  
-0.00150113  -0.00123838  0.00456168  0.440715  0.238279  -0.197945  
-0.000867431  -0.000922023  0.0041561  0.445472  0.246448  -0.188312  
-0.00131312  -0.000922023  0.00412725  0.441332  0.259516  -0.196132  
-0.00105061  -0.000922023  0.00412725  0.45802  0.204155  -0.144681  
-0.00208172  -0.00124515  0.00405453  0.43267  0.225555  -0.171414  
-0.000889937  -0.000922023  0.00412725  0.431  0.21072  -0.150643  
-0.00131255  -0.00124799  0.00397672  0.432304  0.255074  -0.170319  
-0.00145964  -0.00150772  0.00412726  0.43104  0.236778  -0.142941  
-0.00134163  -0.00138254  0.00389098  0.437115  0.216979  -0.144454  
-0.00164287  -0.00132284  0.00409477  0.448102  0.248982  -0.147662  
-0.00110901  -0.00133055  0.00416885  0.444279  0.247041  -0.144367  
-0.00180609  -0.0013482  0.00402329  0.427469  0.259753  -0.153718  
-0.00125811  -0.00180022  0.00429483  0.445876  0.21409  -0.176424  
-0.00175  -0.00165203  0.00408306  0.448599  0.249527  -0.180961  
-0.00113468  -0.00134017  0.00407621  0.456446  0.212946  -0.106248  
-0.00147127  -0.00133859  0.00413753  0.452368  0.253543  -0.173293  
-0.00139801  -0.00154707  0.00384226  0.458434  0.221323  -0.155545  
-0.00117991  -0.00160033  0.00408949  0.472018  0.218209  -0.155672  
-0.00195534  -0.00157233  0.00415141  0.457147  0.238284  -0.15534  
-0.00146537  -0.00135374  0.00422254  0.45302  0.213971  -0.155401  
-0.0021203  -0.00155473  0.00399064  0.454503  0.228247  -0.188561  
-0.00141071  -0.00170675  0.00397973  0.45703  0.213769  -0.161492  
-0.00187975  -0.00114644  0.00424316  0.451322  0.24989  -0.190236  
-0.00144181  -0.00142992  0.0040304  0.445396  0.224366  -0.159765  
-0.00173978  -0.00168424  0.00388493  0.440768  0.252344  -0.190051  
-0.00181843  -0.00114644  0.00389871  0.4479  0.243206  -0.19474  
-0.00112549  -0.00104001  0.0041097  0.458522  0.22177  -0.199149  
-0.00186157  -0.00144791  0.00400307  0.447627  0.243622  -0.205081  
-0.00123773  -0.00115142  0.00381139  0.453196  0.199889  -0.183093  
