0.000196299  -0.00032138  -0.000448194  -7.66644e-05  0.0699915  -0.149109  
0.000137571  -9.2767e-05  -0.000351313  -3.20125e-05  0.0538003  -0.119075  
4.94837e-05  -3.03708e-24  -0.000448194  -2.81498e-05  0.0416493  -0.0925042  
-0.000115066  -0  -0.000448194  -0.0122178  0.0134596  -0.0763256  
0.000521586  -4.85933e-23  -0.000448194  -0.0180055  0.0328827  -0.0763275  
0.000665358  -4.85933e-23  -0.000448194  -0.0180055  0.0416109  -0.0783819  
0.000583867  -0.00017029  -0.000291321  -0.0123825  0.0101133  -0.0507923  
0.000328571  -0  -0.000165649  -0.00508039  0.0101146  -0.0592108  
0.000328571  0.00012414  -0.000214543  -0.00885851  0.00157461  -0.0541217  
0.000234252  0.000312226  -0.000448194  -0.0179989  -0.0108159  -0.0426139  
0.000328571  0.000195654  -0.000448194  -0.00914027  0.000327747  -0.0758969  
0.000607212  -0.000184074  -0.000448194  -0.00279421  -0.00852592  -0.0568909  
0.000136243  -0  -0.000448194  -0.0180055  0.00378207  -0.0425287  
3.36143e-05  -0  -0.000448194  -0.0101931  -0.0108038  -0.0389106  
-8.4624e-05  0.00023472  -0.000448194  -0.00879363  0.0113941  -0.0561415  
3.0074e-05  -0  -0.000448194  -0.0128183  0.017327  -0.0561447  
-8.4624e-05  0.000509847  -3.35817e-06  -0.00832632  0.0173374  -0.0371142  
-8.4624e-05  0.000279039  -0.000103507  -0.0100613  0.0137453  -0.0206317  
-8.4624e-05  -0  -0.000205079  -0.00801698  0.0173383  -0.0206304  
-8.4624e-05  -0.000159753  -0.000448194  0.00228277  0.0111135  0.0136469  
5.15366e-05  6.52025e-05  2.0007e-05  -0.00233292  0.00208143  -0.00287435  
0.000101918  -0  4.27835e-05  0.00544749  0.00114505  0.00829655  
-4.68676e-05  -7.35142e-05  0.000126025  -0.000502761  0.0363293  -0.0265299  
-0.000713148  5.01827e-24  4.62854e-05  -0.00294023  -0.0053286  0.0024561  
-4.68676e-05  -0  -0.000113332  0.00349807  0.000122159  -0.00356539  
-0.000542681  -0  -9.25245e-05  -0.00428576  0.0171417  -0.0171836  
-0.00069195  -0  -0.000210916  0.00228874  -0.00227398  0.00722601  
-0.00040355  0.000665082  0.000184947  -0.00751388  0.00489498  -0.00203049  
-6.82641e-05  -0  3.30791e-05  -0.00215565  0.0275146  -0.0362038  
-0.000544302  5.3432e-05  0.000317552  0.00157093  0.00649911  0.0328138  
-0.000376474  0.000419105  0.000247195  0.00690921  -0.00599823  0.0226158  
-0.000402057  0.000355442  9.33532e-05  0.00671167  0.0186471  -0.00552762  
-0.000441577  0.000371084  0.000233273  0.0125905  0.0288283  0.00532953  
-0.000632472  0.000460435  0.000274223  0.00987375  0.00227281  0.0354023  
-0.000500795  0.000719773  0.000207275  0.0085641  0.0081377  9.75061e-05  
-0.000389289  0.000652366  0.000197819  0.0109233  0.0180241  0.0111249  
-0.000505405  0.000277797  4.33703e-05  0.0166254  0.0296365  0.0146623  
-0.000505405  0.000566461  0.000308214  0.0165964  0.011669  0.0352007  
-0.000505405  0.000484151  0.000183673  0.0165853  0.00577324  0.0313167  
-0.000532797  0.000324342  0.000240013  0.0166333  0.0259656  -0.0040608  
-0.000712496  0.000225584  0.000142929  0.0166088  0.0259456  0.00830137  
-0.000712496  0.000267872  0.000207346  0.0165928  0.011188  0.0259643  
-0.00055027  0.00015971  1.79952e-05  0.0165781  0.00446395  0.0475895  
-0.000502162  -0  2.528e-05  0.0253689  0.0217345  0.0332653  
-0.000798474  -0  2.63078e-05  0.0220799  0.0142161  0.0453571  
-0.000713836  2.65485e-23  0.000244867  0.0237324  -0.0101958  0.0502788  
-0.00123634  0.000322149  0.000418234  0.0252658  -0.0325171  0.089222  
-0.00129324  0.000937158  0.000310123  0.0164451  -0.0163941  0.0640066  
-0.00129324  0.000456634  -0.000127918  0.0243474  -0.0163885  0.0689566  
-0.00136537  0.000575875  -0.000213071  0.0313531  0.00162777  0.0640039  
-0.00129324  0.000201479  -0.000228011  0.0266634  0.00163847  0.0747165  
-0.000876096  4.85934e-23  -0.000448195  0.0306213  0.0239468  0.0474068  
-0.00141283  0.000361569  -2.70016e-05  0.0266043  0.0216363  0.0640146  
-0.00141283  0.000756386  -6.17774e-05  0.0165196  0.0049759  0.0640409  
-0.00121827  0.000377669  -0.000101825  0.0424286  0.00752591  0.0491433  
-0.00116317  0.000191171  -0.000114766  0.0369661  0.0268009  0.0530042  
-0.00132792  0.000379206  5.62973e-05  0.0386441  0.00645068  0.082694  
-0.00105459  0.000141855  -0.000248611  0.0333508  0.0120384  0.0639941  
-0.000516176  -4.85934e-23  -0.000448195  0.0364354  0.00256414  0.0201579  
-0.000888531  0.000383345  -0.000379406  0.0198269  0.0183774  0.0667529  
-0.00142161  0.000407008  -0.00019928  0.0311446  0.00724565  0.0442428  
-0.00140832  1.63947e-23  7.56074e-05  0.0386299  -0.0077054  0.0718635  
-0.00140832  0.000638957  7.56074e-05  0.0303823  -0.00770544  0.0706189  
-0.00140832  0.000312298  -0.000319649  0.016561  -0.00769077  0.0660308  
-0.00140832  -7.16165e-23  -0.000330273  0.025453  0.00477887  0.0623006  
-0.00187421  0.000620641  -0.000187637  0.0258285  0.00707895  0.0728094  
-0.00180856  0.000488076  -0.000330273  0.0165079  0.00999278  0.0762654  
-0.00133731  0.000351945  -0.000330273  0.0214447  0.0363008  0.0483495  
-0.00188016  0.000367677  -0.000330273  0.0189089  0.00980604  0.0696951  
-0.00188016  0.000508217  3.12328e-06  0.0197974  0.00979565  0.0918649  
-0.00167237  0.000361518  -0.000330273  0.0266103  0.0353038  0.0589296  
-0.00193031  0.000408231  -0.000330273  0.0165262  0.0348495  0.0608326  
-0.00179331  0.000293885  -0.000330273  0.0219316  0.0106702  0.0860618  
-0.0020573  6.60494e-05  -0.000330273  0.029405  0.0106234  0.0731222  
-0.00179331  0.000367223  -0.000330273  0.0165489  0.029998  0.0696837  
-0.00222401  0.000408756  -0.000330273  0.0241479  -0.00380979  0.0889587  
-0.00127366  5.32076e-05  -0.000791654  0.0166392  0.0148715  0.00842604  
-0.00192204  0.000160977  -0.000330273  0.0165776  0.0388012  0.0639431  
-0.00137615  0.000100227  -0.000553846  0.0229745  0.0133511  0.063969  
-0.00184619  0.00013932  -0.000330273  0.0165891  0.031324  0.0639572  
-0.00224603  0.000209261  -0.000587962  0.0166009  -0.00648542  0.1082  
-0.00206419  0.000235719  -0.000554787  0.0165984  0.00697145  0.0865219  
-0.0017416  0.000404471  -0.000330273  0.0111264  0.0393097  0.0865476  
-0.00182552  0.000340502  -0.000330273  0.016553  0.0230225  0.0832831  
-0.00163082  0.000275995  -0.00063627  0.0165805  0.0330248  0.0720404  
-0.00166266  0.000479932  -0.000659403  0.00842791  0.0330938  0.0865356  
-0.00199381  0.000684423  -0.000330274  -0.000813261  0.017437  0.109131  
-0.00208561  0.000432734  -0.000688527  0.00541079  0.00637894  0.100505  
-0.00196163  0.000567405  -0.000764371  0.00585363  0.0410602  0.0861964  
-0.00250863  0.00049755  -0.000544947  0.00352809  0.0204526  0.104774  
-0.00216757  0.000799457  -0.000489261  -0.00098346  0.0205139  0.100518  
-0.00203301  0.000773257  -0.000330274  -0.0002177  0.0295825  0.0789165  
-0.00219613  0.000844503  -0.000330274  -0.00118032  0.0205031  0.100517  
-0.00219613  0.000560939  -0.000278382  0.00503671  0.0101105  0.100519  
-0.00219613  0.000306121  -0.000330274  0.0115524  0.0205032  0.0857606  
-0.00266539  0.000365742  -0.000330274  0.0107179  0.0306703  0.100479  
-0.00277272  0.000450008  -0.000243  0.00897204  0.00550288  0.100463  
-0.00225119  0.000416744  -0.000330274  0.0102243  0.0291856  0.0877472  
-0.00225119  0.000413229  -0.000237126  0.0152883  0.0458065  0.0740419  
-0.00277352  0.000440162  -0.000189926  0.0139375  0.0388086  0.104374  
-0.00277352  0.000476187  -0.000330274  0.0032544  0.0203809  0.109177  
-0.00218603  0.000442951  -0.000330274  0.00921725  0.0519134  0.0785059  
-0.00282106  0.000459996  -0.000330274  0.0177173  0.0276757  0.121074  
-0.00269039  0.00044056  -0.000589599  0.00493077  0.0277005  0.0972612  
-0.00235061  0.000425778  -0.000330274  0.00942946  0.0481097  0.0638775  
-0.00253328  0.000425778  -0.000443374  0.00888826  0.0472856  0.067592  
-0.00260785  0.000425778  -0.000330274  0.00588831  0.0299272  0.0845869  
-0.00228125  0.000425778  -0.000330274  0.0137241  0.0299753  0.0663769  
-0.00179114  0.000425778  -0.000330274  -0.00112275  0.0577519  0.0501121  
-0.00162139  0.000425778  -0.00108379  -0.00114093  0.0625452  0.0642618  
-0.00158218  0.000270985  -0.000869565  -0.00111393  0.0489784  0.0576973  
-0.00155742  0.000425778  -0.000869566  0.0127111  0.0606886  0.00830315  
-0.00186023  0.000425778  -0.000869566  0.0156761  0.055066  0.0439718  
-0.0021021  0.000425778  -0.000557596  0.0128471  0.0450949  0.0615405  
-0.00182337  0.000199647  -0.000558098  0.0114711  0.0481916  0.0380855  
-0.00173831  0.000185763  -0.000503901  0.0150116  0.0778428  0.0123962  
-0.00221054  0.000136325  -0.000485374  0.0173776  0.0496217  0.052897  
-0.00190417  0.000134881  -0.000558254  0.0118209  0.0396436  0.0483767  
-0.00186664  0.000425779  -0.000538138  0.0192152  0.0777216  0.0131696  
-0.00226272  0.000283233  -0.000511815  0.0188484  0.0679379  0.0414567  
-0.00216189  0.000425779  -0.000552552  0.00724093  0.056735  0.0601675  
-0.00193514  0.000425779  -0.000942082  -0.00114129  0.076875  0.0276423  
-0.00196968  0.000425779  -0.000552552  -0.00111793  0.101856  0.00610025  
-0.00230847  0.000425779  -0.00103217  -0.00115164  0.0829079  0.00710937  
-0.00238541  0.000425779  -0.000917344  -0.00114423  0.082907  -0.00129344  
-0.0018513  0.000425779  -0.00103217  -0.00115164  0.109647  -0.0231209  
-0.00241146  0.000425779  -0.00103217  -0.00679378  0.0877623  -0.00284866  
-0.00241291  0.000425779  -0.000919013  -0.0128872  0.0829121  -0.0100667  
-0.00254845  0.000425779  -0.000937476  -0.0183365  0.0828731  0.00567291  
-0.00234759  0.000475914  -0.00103217  -0.0179168  0.11707  -0.0138101  
-0.00228382  0.000425779  -0.000692655  -0.0188514  0.113421  -0.0138184  
-0.00221774  0.000700287  -0.000437119  -0.0185116  0.104662  8.78405e-05  
-0.00226323  0.000425779  -0.000437119  -0.0181306  0.113423  -0.0174024  
-0.00192151  0.000502422  -0.000437119  -0.0153052  0.113428  -0.0141039  
-0.00241068  0.000425779  -0.000703643  -0.019668  0.113396  -0.0140386  
-0.00222555  0.000425779  -0.00088086  -0.0196892  0.113399  -0.0140578  
-0.00244672  0.000425779  -0.00088086  -0.00559981  0.113387  -0.0140392  
-0.00244964  0.000425779  -0.00088086  -0.0196892  0.117001  -0.0140406  
-0.0025219  0.000535808  -0.00088086  -0.0196985  0.0898806  0.0262187  
-0.00211689  0.000425779  -0.000755141  -0.0196846  0.0920118  0.020283  
-0.00241934  0.00104079  -0.00088086  -0.0197727  0.113391  0.00324353  
-0.0028928  0.000828799  -0.000531971  -0.0197063  0.0977294  0.00981547  
-0.00265966  0.000425779  -0.00051224  -0.0196672  0.0899282  0.00728225  
-0.00261416  0.00073402  -0.00088086  -0.0219328  0.113373  -0.00440531  
-0.00290188  0.000924573  -0.00088086  -0.0391343  0.102141  0.0165391  
-0.00284235  0.00115766  -0.000605731  -0.041538  0.0959285  0.00791195  
-0.00264365  0.00107451  -0.000671497  -0.0375007  0.103047  0.00102363  
-0.00287991  0.0010516  -0.000409421  -0.0404284  0.123549  -0.0170956  
-0.00279375  0.00124199  -0.000653384  -0.0423153  0.0983133  0.0216414  
-0.00303118  0.00132006  -0.000342308  -0.0549655  0.082149  0.0236977  
-0.00268519  0.00124577  -0.000391348  -0.0486341  0.0731804  0.031107  
-0.00274717  0.00115408  -0.000880861  -0.0445731  0.0937789  0.0228113  
-0.00307536  0.00132006  -0.000538672  -0.0445511  0.0897559  0.0215403  
-0.00319521  0.00132006  -0.000880861  -0.0445889  0.0731196  0.0432119  
-0.00299695  0.00115356  -0.00097089  -0.0445833  0.092075  0.0146184  
-0.00264163  0.00132006  -0.000667654  -0.0445714  0.105272  0.00859362  
-0.00314341  0.00132006  -0.000880861  -0.0445889  0.0754735  0.0471663  
-0.00286836  0.00150401  -0.000880861  -0.0651129  0.0731548  0.0417761  
-0.00271972  0.00132006  -0.000880861  -0.0570213  0.0731641  0.0455652  
-0.00275004  0.00132006  -0.000790091  -0.0606825  0.110115  0.00635155  
-0.00305986  0.00148232  -0.000823611  -0.0505888  0.0832944  0.0362655  
-0.00298439  0.00124956  -0.000880861  -0.055694  0.0850006  0.0139019  
-0.00246741  0.00132006  -0.000880861  -0.0557022  0.107038  0.00688359  
-0.0026618  0.00148215  -0.000880861  -0.0606473  0.103122  0.0115705  
-0.00279876  0.00132006  -0.000880861  -0.0587868  0.0950692  0.0138848  
-0.00275714  0.00147966  -0.0013001  -0.0635774  0.0958196  0.00193662  
-0.00286789  0.00149531  -0.00130011  -0.061429  0.121566  -0.0168685  
-0.00286789  0.00149338  -0.000873008  -0.0613671  0.103233  0.0105509  
-0.00285001  0.00167207  -0.00119931  -0.0690184  0.0929981  0.00330202  
-0.00243242  0.00174504  -0.00133665  -0.069262  0.121582  -0.0242762  
-0.00250128  0.00176957  -0.00113222  -0.0702284  0.138566  -0.0219431  
-0.00254345  0.00176957  -0.00135591  -0.0725043  0.113182  -0.0128216  
-0.00264315  0.00176957  -0.00135591  -0.0777625  0.10867  0.000525206  
-0.00250765  0.00176957  -0.00135591  -0.071828  0.112362  0.00528747  
-0.00252111  0.00176957  -0.00135591  -0.0717168  0.12162  0.0052983  
-0.00273549  0.00176957  -0.000861047  -0.0755278  0.0970464  0.0223506  
-0.00255783  0.00176957  -0.000700784  -0.0690328  0.0877056  0.0280366  
-0.00253767  0.00176957  -0.000790741  -0.0708618  0.110845  -0.00613067  
-0.00276851  0.0020087  -0.000638233  -0.0804962  0.0847941  0.0404679  
-0.00234028  0.00176957  -0.000913789  -0.0774772  0.0877147  0.0207479  
-0.00234029  0.00176957  -0.000794395  -0.073021  0.11036  -0.0103312  
-0.00292781  0.00176957  -0.000919849  -0.0864959  0.0985384  0.0165311  
-0.00282662  0.00176957  -0.00128596  -0.0613738  0.0876341  -0.0263832  
-0.00242085  0.00176957  -0.000996912  -0.0776782  0.119297  -0.00143992  
-0.00257502  0.00176957  -0.000837442  -0.0795347  0.10884  0.0156622  
-0.00277661  0.00176957  -0.000949013  -0.0789946  0.0876942  0.010108  
-0.00227989  0.00176957  -0.00103449  -0.0733172  0.131361  -0.0206893  
-0.00265008  0.00206797  -0.000795674  -0.0784109  0.1161  0.0147014  
-0.00298099  0.00188909  -0.000885  -0.0791977  0.107466  0.0139143  
-0.00250686  0.00199443  -0.00109441  -0.0803755  0.13135  -0.00361482  
-0.00259217  0.00217068  -0.000956895  -0.0779268  0.111605  0.0363295  
-0.00317215  0.00217068  -0.000956895  -0.0779268  0.0878558  0.0286795  
-0.00256718  0.00217068  -0.000956895  -0.0779268  0.115198  0.000427638  
-0.00277464  0.00217068  -0.000844781  -0.0779163  0.11521  0.0246673  
-0.00267881  0.00217068  -0.000956895  -0.0779268  0.0972551  0.0222916  
-0.0025828  0.00206585  -0.000956896  -0.077914  0.115249  0.0214793  
-0.00255086  0.00199296  -0.00088863  -0.0778968  0.117554  0.0214869  
-0.00272587  0.00217068  -0.000956896  -0.0843161  0.0931146  0.0568695  
-0.00255631  0.00217069  -0.000956896  -0.0779268  0.0904915  0.032693  
-0.00251343  0.00194751  -0.000989599  -0.0779213  0.115283  0.00765929  
-0.00225331  0.00188747  -0.00105463  -0.0779305  0.118311  0.0282547  
-0.00229644  0.00188747  -0.00136178  -0.0837691  0.115256  0.0487638  
-0.00204562  0.00188747  -0.00127885  -0.0779646  0.115285  0.0115446  
-0.00228784  0.00201861  -0.00125931  -0.0779789  0.128446  -0.00294708  
-0.00218051  0.00188747  -0.00107157  -0.082963  0.115294  0.0323502  
-0.00262218  0.00188747  -0.00124479  -0.0854073  0.102246  0.0215413  
-0.00255218  0.00188747  -0.00136178  -0.0931152  0.115254  0.00923452  
-0.00205169  0.00223298  -0.00129407  -0.09577  0.154148  -0.0158828  
-0.00221368  0.00248958  -0.0012264  -0.0940343  0.154148  -0.015899  
-0.00217673  0.00255161  -0.00136178  -0.113431  0.134598  -0.00563347  
-0.00163815  0.00284113  -0.00136178  -0.127052  0.135905  -0.00293841  
-0.00153894  0.00292186  -0.00159041  -0.13742  0.154162  -0.0283568  
-0.0017881  0.00319722  -0.00163811  -0.128084  0.161165  -0.0331674  
-0.00196015  0.00310757  -0.00156574  -0.129412  0.154121  -0.0137893  
-0.00162084  0.00280841  -0.00158157  -0.127003  0.142203  -0.0246964  
-0.00153109  0.00249947  -0.00136364  -0.126385  0.163698  -0.0272834  
-0.00166203  0.00276483  -0.00153458  -0.112007  0.154149  -0.00854202  
-0.00196015  0.00249947  -0.00150872  -0.112869  0.136225  -0.00226046  
-0.00146617  0.00249947  -0.00187355  -0.108129  0.154087  -0.055589  
-0.00145312  0.00260937  -0.00143069  -0.109444  0.130474  -0.00465573  
-0.00161883  0.00277692  -0.00166718  -0.112729  0.118744  -0.0195929  
-0.00130278  0.00249947  -0.00183022  -0.109006  0.13518  -0.0348552  
-0.00183364  0.00292697  -0.00147897  -0.115495  0.117079  -0.0236801  
-0.00176251  0.00290674  -0.00181664  -0.11316  0.108671  -0.018125  
-0.00153696  0.00299857  -0.00177856  -0.110826  0.120847  -0.0694191  
-0.0017447  0.00352387  -0.00154434  -0.114512  0.125561  -0.01544  
-0.00182757  0.00304336  -0.00143905  -0.117586  0.120903  -0.0377546  
-0.00132352  0.00333847  -0.00156092  -0.129586  0.131216  -0.0521761  
-0.0018902  0.00338791  -0.00174602  -0.129669  0.120866  -0.0159022  
-0.00167777  0.00368412  -0.00166074  -0.13908  0.125381  -0.0385335  
-0.00155941  0.00330087  -0.00172744  -0.113076  0.153241  -0.034758  
-0.00165196  0.00348106  -0.0016741  -0.126531  0.142424  0.00434564  
-0.00174679  0.00325741  -0.00202708  -0.126535  0.11369  -0.0156897  
-0.00135098  0.00301785  -0.0019775  -0.128776  0.166349  -0.0427804  
