0.000897615  0.00061686  -0.00199069  -0.0474199  0.0129457  -0.210471  
0.00107151  0.000289088  -0.00157374  -0.0474907  0.00850425  -0.165446  
0.00107151  0.000468441  -0.0017499  -0.0474583  -0.000402344  -0.16546  
0.000773304  0.00041248  -0.00157374  -0.0583668  0.0360851  -0.136571  
0.000211427  0.000764757  -0.001488  -0.0529677  -0.000316188  -0.160559  
-0.000344711  0.00109484  -0.00070358  -0.0473305  -0.000123881  -0.188203  
4.47024e-05  0.000652792  -0.000850349  -0.0474171  -0.0225427  -0.174543  
-0.000435594  0.000886491  -0.000850349  -0.0320717  -0.00243631  -0.154431  
-0.000591986  0.000763972  8.90104e-05  -0.0126633  -0.00754452  -0.147782  
-0.00024295  0.000518378  9.47297e-05  -0.0144515  -0.0260904  -0.130541  
-0.000441254  0.000573633  -9.84303e-05  -0.0144377  -0.0165842  -0.119736  
-0.000949121  0.000264168  -7.97978e-05  -0.023041  -0.000154879  -0.0666815  
-0.000698495  0.000518378  -0.000273051  -0.0144446  -0.000175436  -0.0734957  
-0.000698495  0.000518378  -0.000238813  -0.0244714  0.0126327  -0.0618967  
-0.000614761  0.000518378  -6.65681e-05  -0.0144571  0.0171941  -0.0140404  
-0.000425703  0.00030602  9.47297e-05  -0.014451  0.00827289  -0.0243616  
-0.000783167  0.000102238  9.47297e-05  -0.0144305  0.0264358  0.0211101  
-6.90562e-05  5.16692e-05  -0.000165302  -0.00710232  0.00824123  0.0170515  
-0.00053913  -1.26954e-05  -0.000162846  0.000349269  0.0150525  0.000326241  
-0.000181542  5.16692e-05  -0.000147541  -0.00569167  0.00111209  0.0170731  
8.09944e-05  5.16692e-05  9.47297e-05  -0.00990635  0.00183204  0.00209637  
-0.000718782  5.16692e-05  9.47297e-05  -0.0067093  0.0190553  0.0356384  
3.55702e-05  5.16692e-05  -8.6544e-05  -0.00660851  -0.00795139  0.014523  
-0.000297263  0.000214943  9.47297e-05  -0.0077458  0.00820592  0.015119  
0.000212113  -4.73259e-05  9.47298e-05  0.00301929  0.0164516  0.0196274  
-0.000297263  0.00043519  0.000342738  0.0038707  0.0374415  0.00221859  
-0.000163921  0.000401369  0.00025995  0.00661726  0.0297264  0.0196416  
0.000385467  0.000435957  0.000557533  0.00877132  0.0115085  -0.0338888  
-0.000287079  0.000449342  0.000687606  0.0127424  0.0499884  0.0162756  
0.000493317  0.000251568  0.00058945  0.0195605  0.0359571  0.00929488  
-0.000275936  0.000399134  0.000764153  0.0200728  0.0359232  0.00931982  
-0.000218818  0.000251568  0.000928422  0.0160484  0.0359193  0.0298975  
0.000150051  0.000398147  0.000817455  0.0214453  0.0253319  0.00494988  
-0.000425153  0.000251568  0.000701154  0.0148737  0.0491846  0.0303185  
0.000103799  0.000251568  0.000652829  0.0252284  0.0359341  0.0127224  
-8.05202e-05  0.000472081  0.000928422  0.0294707  0.0359249  -0.0106151  
-0.0002099  0.000340064  0.000764071  0.0240831  0.0359285  0.0106277  
0.000426272  0.000251568  0.000653882  0.0280644  0.0137201  -0.0188786  
-0.000232056  0.000417258  0.000928422  0.0359594  0.035932  -0.0106242  
0.000504045  0.000313554  0.000848839  0.0359545  0.0149239  -0.0296936  
-3.31788e-05  0.000571357  0.000928422  0.0359614  0.028073  -0.0296754  
9.85693e-05  0.000432766  0.000928422  0.0359624  0.0163533  -0.0117715  
1.72418e-05  0.000432766  0.000928422  0.0359624  0.00662629  -0.0433323  
-0.000533846  0.000432766  0.000928422  0.0359624  0.0112037  -0.034669  
-9.60343e-05  0.000225257  0.0011564  0.0359517  -0.00782573  -0.0612589  
-0.000234776  0.000727488  0.00108948  0.0149251  0.0138884  -0.0383189  
-0.000435546  0.000559765  0.000928422  0.0105954  0.00943791  -0.00219578  
-0.000216039  0.000953043  0.000802971  0.00485996  0.00939456  -0.0117292  
-0.000473771  0.00102837  0.000735479  -0.00364963  0.0409886  -0.00218824  
0.00018837  0.000858689  0.000787206  -0.000584831  0.0298541  0.00579245  
-0.000724175  0.000788965  0.000812783  -0.00156044  0.0462765  0.0127724  
-0.000655147  0.000609796  0.000790599  -0.00101276  0.036628  0.0377712  
-0.00100816  0.000609796  0.00145336  0.00678105  0.0572974  0.0406232  
-0.000135266  0.000609796  0.00118032  0.010632  0.0297942  0.0183876  
-0.000584727  0.000960079  0.000993945  0.0106097  0.0593704  0.0367373  
-0.000457749  0.000677841  0.00107961  0.0154172  0.0438621  0.0538753  
-0.00065514  0.000861295  0.00117247  0.0268649  0.0546614  0.0361971  
-0.00065514  0.000691005  0.000928422  0.0281459  0.0609736  0.056541  
-0.00065514  0.000861295  0.00113562  0.0309267  0.0672398  0.0231371  
-0.00060308  0.000861294  0.000928422  0.0286036  0.0783282  0.0494909  
-0.00055241  0.000557472  0.00141541  0.0416503  0.0758232  0.0360022  
-0.00117081  0.000580327  0.00145396  0.0446226  0.0812413  0.0589755  
-0.000415462  0.000504133  0.00153243  0.0367694  0.0476005  0.0137616  
-0.000887013  0.000673808  0.00145581  0.043594  0.0726153  0.02763  
-0.000322103  0.000861295  0.00134955  0.0516745  0.0454713  0.0276168  
-0.000513377  0.00143734  0.00179824  0.0587992  0.0423449  0.0190031  
-0.000771407  0.00134457  0.00195019  0.057489  0.0135643  0.0521358  
9.42842e-05  0.0013603  0.00195019  0.054145  0.00897262  0.0291052  
0.00608173  0.00196286  0.000673486  -0.0337528  -0.0963027  -0.212825  
0.00981454  0.00137436  0.000325901  0.00401974  -0.197565  -0.519198  
0.00768679  0.000861294  0.000325901  0.0235024  -0.0912249  -0.360436  
0.0064643  0.000861294  -6.08204e-05  0.00375838  -0.0861188  -0.324346  
0.00522274  0.000861294  6.83957e-05  0.00375755  -0.0254565  -0.244462  
0.004161  0.000861294  8.61161e-05  0.000518044  -0.0395834  -0.199635  
0.00344307  0.000772238  0.000325901  0.00374858  -0.0328149  -0.169144  
0.00301641  0.000861294  0.000129201  0.00376893  -0.0327918  -0.137682  
0.00242334  0.000639137  -0.000258873  0.0129721  -0.0357782  -0.0814393  
0.00216138  0.000790363  -0.000194868  0.0295543  -0.0327946  -0.0982782  
0.00310954  0.000861294  -0.000194868  0.037243  -0.0507994  -0.0953138  
0.00213153  0.00114684  -0.000194868  0.039965  -0.0433037  -0.109674  
0.0020208  0.000727618  -6.32362e-05  0.0462222  -0.0668557  -0.0773278  
0.00161153  0.000861294  -0.000258248  0.0634372  -0.0546433  -0.0298356  
0.00174449  0.000861294  -5.27391e-05  0.0634222  -0.0586841  -0.0288659  
0.00213611  0.000455798  -0.000342576  0.0634711  -0.0144052  -0.0188875  
0.00114285  0.00094924  -0.000112623  0.0405695  0.0199827  0.0102629  
0.0021597  0.00108838  -0.000303601  0.0321168  -0.00326227  0.023158  
0.00208758  0.00051604  -0.000610598  0.0287098  0.0220917  0.0338874  
0.00230584  0.000454637  -0.000579916  0.0287004  0.0323154  0.0338457  
0.00136571  0.00051604  -0.000194868  0.0370661  0.046386  0.0454757  
0.00236937  0.00051604  -0.000194868  0.0287099  0.0172175  0.0379158  
0.00206306  0.00051604  -0.000194868  0.0287099  0.0276898  0.0338327  
0.00180469  0.000567547  -0.000647861  0.0287035  0.0280677  0.0338328  
0.00198979  0.00051604  -0.000633286  0.0243666  0.020763  0.044765  
0.00180469  0.00051604  -0.000194868  0.0287099  0.0249878  0.024834  
0.00204824  0.00051604  -0.000194868  0.0287099  0.0200045  0.0304047  
0.00140928  0.00051604  -8.71603e-05  0.0408702  0.046375  0.0468019  
0.00151748  0.000375544  -2.93907e-06  0.037655  0.0425662  0.077741  
0.00189179  0.00051604  -0.000137544  0.00568919  0.0223221  0.0199467  
0.0146521  0.00122109  -0.000117732  -0.0185377  -0.196472  -0.517426  
0.00867737  0.000726807  -0.000309278  -0.0228222  -0.0737138  -0.265353  
0.00725898  0.000463732  -0.000363021  -0.0100005  -0.0724062  -0.129044  
0.00568774  0.000141871  -0.000363021  -0.00998641  -0.0307092  0.0114223  
0.004767  0.000249405  -0.000623189  -0.0100105  -0.00149085  -0.00890295  
0.00452592  0.000117322  -0.000363021  -0.0099889  -0.0238529  0.0114335  
0.00410391  0.000453696  -0.000363021  0.00332477  -0.0168296  0.0289159  
0.00335255  -3.46326e-05  1.03701e-05  0.0144244  -0.0192609  0.0319945  
0.00324126  -3.46326e-05  6.41491e-05  0.0227155  -0.0562072  -0.017417  
0.00245259  0.000240183  0.00012819  0.0178848  -0.0621426  -0.0547646  
0.00258076  0.000360706  6.41491e-05  0.0120669  -0.069438  -0.0157697  
0.00246459  0.000458612  6.41491e-05  0.00324556  -0.0471052  -0.0110584  
0.00240054  0.000196574  -0.000320094  -0.00995938  -0.0287513  -0.00278324  
0.00226607  0.000551081  6.41491e-05  -0.0099852  -0.0122331  -0.00573969  
0.00206779  0.000196574  -0.000288795  0.00224691  -0.0266941  0.00328098  
0.00224138  0.000439643  -0.000224987  0.000946733  -0.028212  -0.0145044  
0.00215484  0.000470864  -0.000336401  -0.00336155  -0.0174209  0.0309282  
0.00265777  0.000443813  -0.000315842  -0.00995814  -0.0476058  0.000466379  
0.0016116  0.000775904  6.41491e-05  -0.0100192  -0.00282312  0.0329062  
0.00219556  0.00090425  6.41491e-05  -0.00999368  -0.0284694  0.0058711  
0.00165192  0.000618572  -1.13728e-05  -0.00999818  0.00390066  0.030198  
0.00200197  0.000618572  6.41491e-05  -0.00122256  -0.00921063  0.0245427  
0.00173422  0.000618572  6.41491e-05  -0.00421693  0.00329617  0.0101183  
0.00158917  0.000670635  6.41491e-05  -0.0100023  0.0243994  0.0179841  
0.00221339  0.000448282  -0.000350691  -0.0100124  0.0106232  -0.0150801  
0.00159435  0.000618572  -0.000485857  -0.0100187  0.0428913  0.00592779  
0.00206497  0.000618572  -0.000712881  -0.0213605  0.0265415  -0.0221868  
0.00138493  0.000618572  -0.000762067  -0.0191202  0.0442356  -0.0156485  
0.00173422  0.000565567  -0.000831377  -0.0256596  0.0278962  -0.0221607  
0.00124865  0.000801122  -0.000659472  -0.0193533  0.0322679  -0.0077923  
0.00124865  0.000726087  -0.000812798  -0.0305972  0.0251665  0.00450549  
0.00124865  0.000612767  -0.00122251  -0.0306157  0.0322086  -0.0166926  
0.00124865  0.000502838  -0.00123893  -0.0385762  0.0407339  0.00453007  
0.00138233  0.000474965  -0.00125352  -0.0306162  0.0322083  -0.00453336  
0.000802785  0.000450078  -0.00134926  -0.0306206  0.0437213  0.0412997  
0.0011808  0.000612767  -0.00124433  -0.0273368  0.0156365  0.000253541  
0.000511953  0.000669465  -0.00127236  -0.0364157  0.0523497  0.0215843  
0.00146216  0.000552687  -0.00131539  -0.0392848  0.0162644  -0.0021173  
0.00110573  0.000663743  -0.000960512  -0.0306144  0.0449667  0.0236489  
0.00176346  0.000612767  -0.000987727  -0.0364206  0.0125498  0.0184778  
0.00135833  0.00080182  -0.000812798  -0.0306206  0.0384994  0.0337388  
0.00170905  0.000472595  -0.00103743  -0.0306002  0.019772  0.0145159  
0.00135833  0.000612767  -0.000951668  -0.0306097  0.0464636  0.0207891  
0.00116865  0.000524136  -0.000952999  -0.0306024  0.0504463  0.0337762  
0.00161564  0.000612767  -0.0011495  -0.0306199  0.030397  0.0197273  
0.000875035  0.000522066  -0.000812798  -0.0305889  0.0443592  0.0384872  
0.001562  0.000612767  -0.00122144  -0.030619  0.0234726  -0.000717444  
0.00108477  0.000612767  -0.00135501  -0.0306247  0.0443271  0.0140759  
0.0015444  0.000287052  -0.00122144  -0.0305902  0.0174953  0.0197916  
0.000655329  0.000304586  -0.00122144  -0.0355952  0.0442688  0.0386693  
0.000799991  0.000126344  -0.00128605  -0.0305794  0.0287342  0.0422096  
0.00109975  0.000126344  -0.00122144  -0.030576  0.00699896  0.0147768  
0.000640049  0.000126344  -0.00115476  -0.0305737  0.00692574  0.0541221  
0.00134081  0.000126344  -0.00122144  -0.0167735  -0.0127548  0.0241924  
0.000576989  0.000126344  -0.000792988  -0.0120208  0.00734864  0.058659  
0.00164148  -8.82227e-05  -0.000458245  0.00470913  -0.0213712  0.0261916  
0.00114744  0.000126344  -0.000432718  -0.00551868  -0.0143362  0.0307112  
0.00207277  -4.33482e-05  -0.000605735  -0.0117124  -0.0331695  0.0210715  
0.00144915  0.000205126  -0.00048338  -0.0117313  -0.0213998  0.0163075  
0.000854257  -8.748e-05  -0.000568847  -0.0222911  -0.0273403  0.0306979  
0.00139554  -0.00010524  -0.000755333  -0.025764  -0.0409099  0.0123114  
-0.000271548  0.00010302  -0.00113202  -0.0436221  -0.0292003  0.0581604  
-1.12735e-05  0.000391293  -0.000886388  -0.0436753  -0.0270607  0.0445621  
-0.000255524  0.000391293  -0.00126432  -0.0372357  0.00973591  0.0385424  
0.000129049  0.000118704  -0.00153219  -0.043652  -0.021495  0.0223  
-0.000169764  0.000391293  -0.00128852  -0.036186  -0.00879076  0.0163291  
0.000277183  -1.68972e-05  -0.00141556  -0.0281893  -0.00877413  -0.0142506  
-0.000258639  -7.38474e-05  -0.00108864  -0.0436578  0.00552817  0.012398  
-0.000158421  -1.68972e-05  -0.00117079  -0.0347419  -0.00254508  0.0123866  
0.000200141  -1.68972e-05  -0.00119573  -0.0337712  -0.00875156  -0.00282547  
0.000187311  0.000319608  -0.00131302  -0.0436955  0.0333481  -0.0175902  
0.000771749  0.000550653  -0.00155385  -0.0437071  -0.0191405  -0.0737439  
-0.000226515  0.000287543  -0.00130322  -0.0410153  0.0269557  -0.0237299  
0.000289283  0.00017699  -0.00108864  -0.043646  0.000842912  -0.0151785  
-0.000415467  0.000602067  -0.000451109  -0.0436768  0.0168295  -0.023776  
-6.93239e-05  0.000293942  -0.000952248  -0.0436575  0.00944821  -0.00157967  
-0.000535185  0.000474407  -0.000917557  -0.0352517  0.0460941  -0.00155665  
0.000727356  0.000183072  -0.00121105  -0.0380774  -0.0111614  -0.0233724  
0.000519894  0.000183072  -0.00127797  -0.0436909  0.0212138  -0.00158505  
0.00051071  0.000183072  -0.00122417  -0.0436877  -0.000284065  -0.032239  
0.000244534  0.000183072  -0.00101111  -0.0341028  0.0198289  -0.0184711  
0.000870501  4.08896e-05  -0.00123045  -0.0254918  -0.0145658  -0.0597244  
0.00029767  3.03697e-05  -0.00142591  -0.0259026  0.000771762  -0.050187  
0.000835042  0.000183072  -0.00101111  -0.0268352  0.00384378  -0.0400212  
0.000484303  -0.00016652  -0.00135333  -0.0259925  0.0427122  -0.0331885  
0.00126445  -0.000235936  -0.00155468  -0.0279493  0.0307815  -0.0487813  
0.00029767  0.000183072  -0.00154721  -0.0376882  0.0490151  -0.0332827  
0.00029767  -0.000250697  -0.00181972  -0.0437187  0.0264159  -0.0502171  
-0.000112476  7.27929e-06  -0.00178002  -0.0437149  0.0496874  -0.0464982  
0.000552248  -4.1429e-05  -0.00205182  -0.0489113  -0.0187877  -0.130353  
0.000768264  0.000480282  -0.00142618  -0.0652203  -0.0364995  -0.222496  
0.0105698  0.00032958  -0.00118851  -0.105372  -0.221203  -0.51327  
0.00498178  0.000376007  -0.00140838  -0.0712507  -0.143899  -0.328766  
0.00524666  0.000367993  -0.00105067  -0.0372991  -0.107248  -0.283575  
0.00475507  0.000173749  -0.00123194  -0.0445748  -0.0711689  -0.269299  
0.0050509  0.000202968  -0.0012676  -0.0404013  -0.0409743  -0.233947  
0.00471142  -0.000129697  -0.00125836  -0.025561  -0.0445766  -0.219698  
0.00416732  -0.000331147  -0.00121261  -0.0140248  -0.0127821  -0.184099  
0.00428513  -0.000330454  -0.00104459  -0.00532068  -0.0464978  -0.205395  
0.00387146  -0.000330454  -0.00104459  0.0020896  -0.024857  -0.169471  
0.00378017  -0.000330454  -0.00104459  0.0271336  -0.01825  -0.163305  
0.00339882  -0.00047561  -0.000722358  0.04322  0.00269268  -0.132172  
0.00391162  -0.000499383  -0.000562463  0.0432308  -0.0029192  -0.151668  
0.00379939  -0.000566864  -0.000531028  0.0508721  0.0334371  -0.138127  
0.00400819  -0.000401509  -0.00044342  0.061914  0.0168086  -0.142695  
0.00327356  -0.000473392  -0.000531028  0.0500829  0.0501202  -0.113304  
0.00327356  -0.000205922  -0.000531028  0.0531308  0.0324956  -0.132054  
0.00309055  -0.000556146  -0.000851621  0.0431698  0.0377865  -0.10462  
0.00327356  -0.00074585  -0.000816149  0.0504225  0.0368517  -0.112311  
0.002474  -0.000360029  -0.000937236  0.0431295  0.0675464  -0.0789766  
0.00387082  -0.000430727  -0.000931389  0.0484334  0.0418935  -0.104181  
0.00350679  -0.000364423  -0.000931386  0.0431304  0.083598  -0.0760311  
0.00350679  -0.000254393  -0.000941023  0.0431471  0.0705918  -0.0913396  
0.00315936  -0.000241017  -0.000941023  0.0397112  0.0791851  -0.0912861  
0.00350679  -4.95437e-05  -0.000941023  0.0287784  0.0652531  -0.0809356  
0.00356017  -0.000374867  -0.000941023  0.0333593  0.0757388  -0.0798301  
0.00314188  -0.000374867  -0.000941023  0.0275629  0.0835855  -0.0567145  
0.00350679  -0.000374867  -0.00126225  0.0339154  0.0836002  -0.0567691  
0.0032378  -0.000374867  -0.00130197  0.0289803  0.115605  -0.0394573  
0.00334492  -0.000492378  -0.00143183  0.0255298  0.0959067  -0.0529958  
0.00309621  -0.000104399  -0.00170353  0.010541  0.10802  -0.0577086  
0.00317834  -0.000189445  -0.0020195  0.0104528  0.0943482  -0.0435721  
0.00350679  -7.47953e-05  -0.00181409  0.0172271  0.0940479  -0.0617034  
0.00310465  -4.59873e-05  -0.00181833  0.015308  0.122678  -0.0336225  
0.00350679  -9.37849e-05  -0.00188906  0.0187671  0.105922  -0.0539033  
0.00350679  0.000279827  -0.00183062  0.0159596  0.12857  -0.0539048  
0.00299216  -3.14078e-05  -0.00140834  0.0262118  0.0964447  -0.0317389  
0.00309324  4.9318e-05  -0.00140834  0.0210359  0.0841181  -0.0390597  
0.00246658  -4.32073e-05  -0.00140834  0.0105698  0.112035  -0.00894561  
0.00322287  1.92794e-05  -0.00172699  0.010519  0.0955177  -0.0294554  
0.00282027  -3.41667e-05  -0.00140834  0.0175149  0.117202  -0.029389  
0.00376064  -0.000210502  -0.00178186  0.0188366  0.0953953  -0.0433165  
0.00334209  -0.000210502  -0.00160386  0.0105526  0.11022  -0.0489511  
0.00340684  -0.000210502  -0.00182193  0.0105058  0.111055  -0.0354056  
0.00305238  -8.55326e-05  -0.00182834  0.0105013  0.102986  -0.0195935  
0.0031632  -8.37426e-23  -0.00176003  0.0171592  0.0946115  -0.0418023  
