0.00280884  0.000160209  5.29396e-23  0.0181757  0.0688188  -0.235947  
0.00177718  -0.000104122  0.000537752  0.027408  0.0242292  -0.140986  
0.00132859  0.000326367  -0.000374013  0.0181763  0.0541102  -0.0108604  
0.00218135  0.000182809  -0.000368203  0.00881506  0.00925188  -0.101789  
0.00164994  -0.000215283  -0.000177434  0.0160063  0.0175911  -0.109869  
0.00200265  -0.000433363  6.28309e-05  0.0316076  0.0250713  -0.0607725  
0.00211776  -0.000662234  0  0.0408826  0.00439843  -0.0804336  
0.00277313  -0.000433363  -0.000177422  0.0312301  0.040895  -0.128072  
0.00229017  8.04438e-05  -0.000458001  -0.00459105  0.0851423  -0.128062  
0.00166189  -0.000122094  -0.000417238  -0.00461475  0.0582161  -0.115869  
0.00123504  -0.000193141  -0.000456995  0.0150463  0.0364258  -0.0923657  
0.0017437  -0.000265872  -0.000429962  0.0211548  0.0294824  -0.0924106  
0.00123504  8.04438e-05  -0.000419482  0.00657133  0.0422459  -0.090232  
0.00100691  -7.83903e-05  -0.00023599  -0.00457128  0.0295706  -0.0788025  
0.00078319  -0.000336314  -0.00018067  0.00822775  0.00372949  -0.0710844  
-0.000354802  8.04438e-05  -0.000465795  -0.0131262  0.0254757  -0.0614905  
-0.000354802  8.04438e-05  -0.000408319  -0.00455613  0.0254738  -0.0446313  
0.000666033  8.04438e-05  -0.000408319  -0.013527  0.0253602  -0.0702178  
0.000316443  -3.51476e-05  -0.000292516  -0.00843068  0.000168656  -0.0762357  
-0.000413955  -9.96909e-05  -0.000408319  -0.00457539  0.0166507  -0.0761887  
0.000605447  -5.27091e-05  -4.07452e-05  -0.00455515  -0.0045602  0.00899225  
-0.000354802  -7.20205e-05  5.49564e-05  -0.0110917  -0.0246691  -0.0111755  
-0.000557145  0.000136008  -0.000115517  -0.00455514  -0.0246735  -0.030827  
-0.00101475  -0.000108111  -0.000120188  -0.00456308  -0.0115041  -0.0606689  
-0.000763559  0.000136008  -0.000173311  -0.0045503  -0.00389261  -0.0298449  
-0.000763559  3.54732e-05  -4.09171e-05  -0.00456652  -0.0238632  0.0313329  
-0.000763559  0.000136008  -0.00011492  -0.00980529  -0.0333626  0.0197797  
-0.00124583  0.000136008  -1.44553e-06  -0.0219019  0.00661201  0.0197729  
-0.000805986  0.000197443  0.000493108  -0.0160704  -0.0217381  0.000389143  
-0.000734117  0.000136008  -0.000408318  -0.0123156  0.00853169  -0.0811848  
-0.00115003  0.000136008  -0.000408319  -0.00325115  -0.00107865  -0.0608216  
-0.00153663  0.000379744  0.000211478  -0.00893043  -0.00667945  0.0127652  
-0.00161717  0.000309614  -1.26289e-05  -0.00336426  -0.0316585  -0.0777329  
-0.00173265  0.000542822  -0.000240625  -0.00490354  -0.0485335  -0.0949846  
-0.00198625  0.000542822  -0.000408318  -0.0218662  -0.0255975  -0.0536662  
-0.00192241  0.000643475  -0.000408318  -0.0218619  -0.0620217  -0.0536613  
-0.00235289  0.00038856  -0.000278964  -0.0162749  -0.018532  -0.0536447  
-0.00156864  0.000542822  -0.000408318  -0.019075  -0.0228526  -0.0689451  
-0.00183417  0.000542822  -0.000408318  -0.0218662  -0.0388539  -0.0836466  
-0.00100578  0.000214593  0.000107585  -0.0093712  0.00349478  -0.10772  
-0.00134424  0.000365838  5.68546e-06  -0.00477004  -0.0131895  -0.0913387  
-0.00165325  0.000219414  0.000145282  -0.00488389  -0.0320142  -0.107988  
-0.00206284  0.000542822  -8.12252e-05  -0.0132768  -0.011127  -0.0888895  
-0.00206284  0.000312988  -0.000408318  -0.0136558  -0.0404533  -0.0913582  
-0.00221362  0.000542822  -0.000244327  -0.0116412  -0.0337381  -0.115216  
-0.00235512  0.000310376  -0.000408318  -0.00696698  -0.0245716  -0.10773  
-0.00225077  0.000416438  -0.000408318  0.00622055  -0.0487879  -0.115791  
-0.00249195  3.18047e-05  -0.000204648  0.0196391  -0.0230739  -0.138692  
-0.00206284  -3.77976e-05  2.11157e-06  0.0264879  -0.0298708  -0.101214  
-0.00276319  0.000251596  -0.000408318  0.0265402  -0.0494893  -0.123396  
-0.00249114  0.000121928  -0.000218247  0.0265158  -0.0149292  -0.139666  
-0.00290445  0.000171032  -0.000408318  0.0265349  -0.0539879  -0.113357  
-0.00282987  0.000542822  -0.000231686  -0.00214061  -0.0540044  -0.11076  
-0.00294718  0.00102335  -2.489e-05  -0.0286  -0.0440893  -0.0797666  
-0.00294718  0.000644168  -0.00032903  0.0063663  -0.0348442  -0.0991939  
-0.00104877  0.00186539  0.0054147  -0.027224  0.102415  -0.446397  
-0.00186868  0.00157996  0.00664654  -0.0616392  0.117115  -0.390632  
-0.0022205  0.00186539  0.00586186  -0.0615882  0.0495951  -0.328553  
-0.00264738  0.00231684  0.00500176  -0.0615052  0.0530327  -0.358311  
-0.00300626  0.00180653  0.00500176  -0.0616752  0.043745  -0.300163  
-0.00307022  0.00231684  0.0045894  -0.0644516  -0.00623524  -0.297992  
-0.00379726  0.00192477  0.0045894  -0.0616489  0.0270377  -0.315734  
-0.00332409  0.00190183  0.00428056  -0.0475297  0.0268852  -0.308267  
-0.00283438  0.00149141  0.00436796  -0.0188438  0.0267702  -0.300182  
-0.0020983  0.000424451  0.00410924  0.0230873  0.0266471  -0.187323  
-0.00265219  0.000336276  0.0036253  -0.00200121  0.0267524  -0.192665  
-0.00313278  0.000897781  0.00340649  -0.0164917  0.00813804  -0.202494  
-0.00385849  0.000897781  0.00329959  -0.0164933  0.00831978  -0.227337  
-0.00458327  0.0013113  0.00345544  -0.0331998  0.00841483  -0.190868  
-0.00471228  0.00178373  0.00329959  -0.0331154  0.00843064  -0.202605  
-0.00438771  0.00185096  0.00371083  -0.0408978  -0.0137276  -0.219027  
-0.0050944  0.00178373  0.00378383  -0.0331224  -0.0135857  -0.226264  
-0.00524609  0.00178373  0.00371084  -0.0422324  -0.0321537  -0.243679  
-0.00500926  0.00195767  0.00371083  -0.0437684  -0.0571715  -0.243759  
-0.00511995  0.00178373  0.00371083  -0.03312  -0.0168254  -0.288439  
-0.00398533  0.00178373  0.0040408  -0.0239487  -0.0173868  -0.288403  
-0.00430252  0.00178373  0.00425602  -0.013098  -0.0551299  -0.265448  
-0.00520593  0.00164958  0.00425602  -0.00189454  -0.0228216  -0.288458  
-0.00526419  0.00164536  0.00419109  -0.00647025  -0.0394712  -0.251064  
-0.00520593  0.0017335  0.00425602  -0.0026986  -0.0723346  -0.274191  
-0.00472395  0.00226606  0.00425602  -0.0181277  -0.0557402  -0.266082  
-0.00568892  0.00226606  0.00425602  -0.0116138  -0.0266598  -0.266128  
-0.00494698  0.00187173  0.00425602  -0.00563493  -0.0410923  -0.266141  
-0.00486788  0.00220992  0.00425602  -0.0117572  -0.048239  -0.266118  
-0.00527572  0.00226606  0.00389749  -0.0170332  -0.00794773  -0.290315  
-0.00535031  0.00226606  0.00410425  -0.0174532  -0.0410006  -0.284559  
-0.00536082  0.00211078  0.00410424  -0.0125263  -0.0409849  -0.310309  
-0.00588958  0.00226606  0.00410425  -0.0225155  -0.0270378  -0.285751  
-0.00581092  0.00226605  0.00358071  -0.0330383  -0.0692224  -0.322893  
-0.00548413  0.00226606  0.00333506  -0.0509188  -0.0567436  -0.280118  
-0.00583753  0.00226605  0.0032794  -0.0331346  -0.0299545  -0.285968  
-0.00594084  0.00240394  0.00368088  -0.0276031  -0.0566451  -0.283158  
-0.0059029  0.00241969  0.00368088  -0.0182501  -0.078453  -0.285978  
-0.00657724  0.00268641  0.0032109  -0.0141501  -0.0387041  -0.302659  
-0.00616781  0.00205785  0.00319037  -0.00597988  -0.0531904  -0.25683  
-0.00593119  0.00208632  0.00326433  -0.00734965  -0.062779  -0.263412  
-0.00591312  0.00216236  0.00326433  -0.00662219  -0.0461917  -0.291298  
-0.00634318  0.00222614  0.0037855  -0.00665101  -0.0402786  -0.284782  
-0.00625632  0.0021774  0.0037855  -0.00667115  -0.0474717  -0.323053  
-0.00638137  0.00206038  0.00348609  -0.00666693  -0.0486036  -0.29133  
-0.00684619  0.0022842  0.00360077  -0.00661127  -0.0342866  -0.307997  
-0.00674759  0.00184193  0.0037855  -0.00677315  -0.0396574  -0.343671  
-0.00621406  0.00193  0.00362287  -0.0067389  -0.0120541  -0.328852  
-0.00640165  0.00186618  0.0037855  0.00617228  -0.0279496  -0.32008  
-0.00638149  0.00193  0.00378549  -0.00673359  -0.0279744  -0.288402  
-0.00611157  0.00202851  0.00412235  0.00556667  -0.0231594  -0.288393  
-0.00657809  0.00206241  0.00392193  0.000257582  -0.0486846  -0.285143  
-0.00665606  0.00190769  0.00400596  0.0117883  -0.0244924  -0.288419  
-0.00623465  0.00247846  0.00422786  -0.0066042  -0.0487505  -0.24542  
-0.00671599  0.00234032  0.00410431  -0.00663475  -0.0225188  -0.277059  
-0.00642696  0.00206091  0.00411444  -0.0066784  -0.0487095  -0.261149  
-0.00603028  0.00205197  0.0038065  0.000460539  -0.0398732  -0.221389  
-0.00562843  0.00200236  0.0037153  0.00793976  -0.0488445  -0.224269  
-0.0064912  0.00203185  0.00400726  -0.00669063  -0.0336211  -0.21363  
-0.00596997  0.0020259  0.00400726  0.0104589  -0.0622505  -0.239799  
-0.00613313  0.00201317  0.00420925  0.015249  -0.0211749  -0.280217  
-0.00620703  0.00205024  0.00400726  0.0130085  -0.0351018  -0.273594  
-0.00570859  0.00205024  0.00476427  0.0187315  -0.0204418  -0.282202  
-0.0058075  0.00205024  0.00446368  0.0205645  -0.0366327  -0.288192  
-0.00582146  0.00205024  0.00436852  0.0213305  -0.0211257  -0.234642  
-0.00569078  0.00205024  0.00443096  0.0167708  -0.0426424  -0.224647  
-0.00550489  0.00167113  0.00423473  0.034545  -0.0426703  -0.240979  
-0.00527229  0.00162929  0.00380412  0.0345157  -0.00366148  -0.240949  
-0.00489441  0.00172412  0.00464911  0.0344951  -0.0224583  -0.231758  
-0.00557485  0.00205024  0.00401892  0.0182351  -0.00503513  -0.212886  
-0.00521138  0.00205024  0.00372441  0.0125483  -0.0116411  -0.212879  
-0.00491311  0.00177771  0.00419839  0.0181705  -0.0161945  -0.222768  
-0.00500181  0.00184446  0.00459809  0.0279501  -0.0103509  -0.273626  
-0.00484503  0.00184446  0.00459809  0.0328958  0.0233232  -0.302531  
-0.00480372  0.00184446  0.00396537  0.0182019  0.000279296  -0.265616  
-0.00463487  0.00173573  0.00397306  0.0181748  -0.000555179  -0.298964  
-0.00481738  0.00164745  0.00349314  0.0181682  0.0117047  -0.271361  
-0.00536277  0.00172199  0.00394882  0.0114343  0.00539395  -0.257288  
-0.00512843  0.00166682  0.00402771  0.0181717  0.00492409  -0.240113  
-0.00512843  0.00165205  0.00402771  0.0267574  -0.000394426  -0.240196  
-0.00506225  0.00173521  0.00425096  0.0181827  0.00174981  -0.208158  
-0.00512843  0.00181847  0.00443693  0.0181784  -0.0416002  -0.218655  
-0.00509532  0.00173228  0.00443693  0.0267771  -0.0344975  -0.224739  
-0.00530953  0.00183199  0.00443693  0.0181985  0.00258073  -0.187175  
-0.0051674  0.00152658  0.00443693  0.0384816  -0.025402  -0.219277  
-0.00562651  0.00153025  0.00402043  0.0246165  -0.0269635  -0.232838  
-0.00783288  0.00241699  0.00289375  -0.0888605  -0.0165925  -0.287464  
-0.00315359  0.00315841  0.00178767  -0.147987  0.0153385  -0.421902  
-0.00508173  0.00233684  0.00163594  -0.131816  0.0528425  -0.35712  
-0.00511049  0.00147318  0.001641  -0.107449  0.0367465  -0.339146  
-0.0044382  0.00170156  0.00178767  -0.118719  0.0317526  -0.273285  
-0.00483059  0.00169946  0.0015303  -0.123486  0.0730851  -0.281197  
-0.00465057  0.00199375  0.00178767  -0.11904  0.0295394  -0.273413  
-0.0051413  0.00190494  0.00178767  -0.123533  0.0390742  -0.309073  
-0.00545586  0.00247282  0.00155632  -0.115417  0.0552952  -0.341367  
-0.00496601  0.00193448  0.00134575  -0.123442  0.0715201  -0.353404  
-0.00529675  0.00193448  0.00178767  -0.10796  0.103677  -0.323613  
-0.00523222  0.00127532  0.00143368  -0.0950586  0.0696238  -0.349132  
-0.00529675  0.00110959  0.00149573  -0.0771532  0.0676382  -0.323785  
-0.00509735  0.00122715  0.00155129  -0.0710206  0.0539735  -0.324536  
-0.00540817  0.00163536  0.00190419  -0.0790673  0.057183  -0.337053  
-0.0046697  0.00148806  0.00221534  -0.0790411  0.0935429  -0.337158  
-0.00422939  0.00117313  0.00211734  -0.0790021  0.0472339  -0.264155  
-0.00461433  0.00139161  0.00251983  -0.0514101  0.104846  -0.337857  
-0.00463085  0.00161957  0.00251983  -0.0670524  0.104828  -0.270742  
-0.00452016  0.0014147  0.00267841  -0.0553601  0.0723052  -0.287078  
-0.00500048  0.00165361  0.0026707  -0.0564788  0.100288  -0.283143  
-0.00476366  0.00150854  0.00276302  -0.0661809  0.100276  -0.276308  
-0.00435659  0.00111806  0.00277049  -0.0790578  0.0825091  -0.27953  
-0.00453552  0.00120873  0.00277054  -0.0622049  0.0788029  -0.252986  
-0.00450426  0.001771  0.00317918  -0.054085  0.0851779  -0.271346  
-0.00417802  0.00141806  0.00342391  -0.0319866  0.0593964  -0.281389  
-0.00431777  0.00141806  0.00324028  -0.035548  0.083304  -0.287984  
-0.00435707  0.00106035  0.00318095  -0.00932134  0.104925  -0.306293  
-0.00401275  0.000643507  0.00321874  0.0106767  0.0966964  -0.265714  
-0.00417802  0.000763204  0.00358404  0.000678646  0.121629  -0.287012  
-0.00382502  0.000780864  0.00321083  -0.00669645  0.13463  -0.239826  
-0.00381913  0.000597099  0.00320294  0.00290176  0.0978021  -0.223138  
-0.00407306  0.000735619  0.00309613  -0.00392653  0.124959  -0.220829  
-0.00397297  0.000183964  0.00248741  0.00647219  0.114279  -0.214719  
-0.00468206  0.000651234  0.0026818  0.000679564  0.13176  -0.217357  
-0.00384326  0.00115883  0.00292865  -0.0110357  0.104607  -0.203523  
-0.0039897  0.000394949  0.00292865  0.0159986  0.124953  -0.231828  
-0.00375466  0.000427742  0.00292865  0.0173409  0.124934  -0.22179  
-0.00402147  0.000460694  0.00306507  0.0235286  0.0966968  -0.242184  
-0.00399281  0.000155794  0.00269115  0.00395887  0.146661  -0.23782  
-0.0043116  0.000523025  0.00234192  0.0127077  0.128716  -0.227372  
-0.00376076  0.000523025  0.00257061  0.0127245  0.182602  -0.261412  
-0.00314256  0.000523025  0.00269115  0.00499773  0.152195  -0.258515  
-0.00348812  0.000523026  0.00244194  -0.00548634  0.162586  -0.278091  
-0.00308984  0.000459489  0.00269115  0.00689812  0.16253  -0.264893  
-0.0037061  0.000498176  0.00269115  0.00403062  0.129375  -0.258852  
-0.00404402  0.000552273  0.00269115  0.00848137  0.152577  -0.274974  
-0.00434925  0.000803117  0.00269115  0.00626592  0.144682  -0.236704  
-0.00397804  0.000548467  0.0027545  0.0245296  0.11358  -0.276046  
-0.00445204  0.000525089  0.00269115  0.0216426  0.144321  -0.266507  
-0.00490313  0.000715047  0.00248844  0.0171772  0.1546  -0.282977  
-0.00454324  0.000368814  0.00259692  0.0367682  0.134808  -0.269037  
-0.00432592  0.000910306  0.00243984  0.0114105  0.14285  -0.275814  
-0.00459963  0.000304004  0.00244115  0.0260849  0.155318  -0.274186  
-0.00460954  0.000324017  0.00269115  0.0427104  0.140312  -0.264031  
-0.00409827  0.000465607  0.00284478  0.0434086  0.125387  -0.273453  
-0.00365202  0.000517762  0.00282119  0.0434514  0.123272  -0.270163  
-0.00375041  0.000200117  0.00267569  0.0433461  0.180435  -0.274043  
-0.00342299  0.000362254  0.00277758  0.0530842  0.150927  -0.304252  
-0.00350748  7.19133e-05  0.00257074  0.0586452  0.162772  -0.290262  
-0.00301443  -0.000549067  0.00265981  0.0810046  0.182322  -0.265718  
-0.00330391  -0.000209937  0.00275967  0.0653362  0.17623  -0.273116  
-0.00301443  -0.000413236  0.0027831  0.0825381  0.148175  -0.275925  
-0.00372822  -0.000787737  0.00273113  0.0840757  0.171054  -0.281147  
-0.00395926  -0.000599112  0.00266878  0.0951823  0.171131  -0.292747  
-0.00381469  0.000159304  0.00295592  0.0871656  0.153813  -0.291632  
-0.0040329  -0.000298675  0.002719  0.0899782  0.171144  -0.334513  
-0.00424725  -0.000464555  0.00293593  0.101886  0.178024  -0.319311  
-0.00372786  -0.000309265  0.00293269  0.0840928  0.171079  -0.322415  
-0.00340573  -0.000242689  0.00322346  0.084149  0.150689  -0.294575  
-0.00402129  -0.000496062  0.00320847  0.0953915  0.170246  -0.314995  
-0.00352759  -0.000366958  0.0032359  0.103052  0.186207  -0.289327  
-0.00338668  -0.000885179  0.00323458  0.117056  0.186188  -0.360175  
-0.00370533  -0.000582039  0.00323201  0.112256  0.186317  -0.389643  
-0.00353209  -0.000319811  0.00323452  0.0976068  0.18871  -0.380476  
-0.00368913  -0.000466203  0.00326143  0.10221  0.206712  -0.417575  
-0.00296951  -0.000623699  0.00350707  0.104666  0.206511  -0.399185  
-0.00311132  -0.000490012  0.00367175  0.104367  0.203325  -0.351101  
-0.00283594  -0.000871347  0.00312709  0.0911812  0.206514  -0.35322  
-0.00265989  -0.000962058  0.00367175  0.0840015  0.203145  -0.362272  
-0.00242859  -0.00107697  0.00367175  0.0839665  0.206421  -0.366557  
-0.00275062  -0.00150884  0.00365794  0.114007  0.206503  -0.362822  
-0.00312415  -0.00144671  0.00341126  0.12214  0.182915  -0.352187  
-0.00330867  -0.00162091  0.00356939  0.122126  0.211138  -0.341105  
-0.00257145  -0.00122439  0.00350686  0.118624  0.186913  -0.326817  
-0.00253988  -0.00124526  0.00366977  0.125654  0.171453  -0.364312  
-0.00292929  -0.00123884  0.00369982  0.125665  0.198542  -0.356994  
-0.00266544  -0.00109079  0.00388635  0.137119  0.183314  -0.362122  
-0.00251935  -0.00207942  0.00422963  0.177676  0.206236  -0.381015  
-0.00264921  -0.00236327  0.0040208  0.175298  0.230508  -0.34697  
-0.00245138  -0.00237436  0.00435835  0.175373  0.205094  -0.359891  
-0.0024337  -0.00269905  0.00435808  0.199235  0.215857  -0.386784  
-0.00266545  -0.00227786  0.00412229  0.182437  0.220224  -0.373605  
