0  -0  -0.000725717  0.0180238  0.0068746  0.0265631  
0.000265341  -0.000305664  -0.000844405  0.0219705  -0.0648854  0.0265953  
-0.000490069  0.000176364  -0.000847599  0.00685384  -0.0135861  0.0161687  
8.76878e-05  -0.000224578  -0.000671544  0.0272915  -0.0613402  0.0265828  
-0.000162702  -0.000263113  -0.000437046  0.0408418  -0.0055416  0.00379709  
3.42068e-05  -0.000260268  -0.000437046  0.031113  -0.0403542  0.00908025  
-0.000121626  -0.000310431  -0.000719318  0.0119322  -0.0162972  0.0180209  
0.000375694  -0.000310431  -0.000437046  0.0119139  -0.03861  0.0266498  
2.23467e-05  0.000128786  -0.000605439  0.0119088  -0.00493621  0.0266296  
0.00022321  -0.000310431  -0.000437046  0.0119139  -0.0548674  0.0266548  
0.000147055  8.83531e-05  -0.000437046  -0.00973056  -0.00820484  0.00941468  
0.000515418  -0.000310431  -0.000552672  -0.00971027  -0.0504721  0.00504399  
0.000315569  -5.80274e-05  -0.000437046  -0.00972348  0.00273649  0.00186648  
0.000395965  0.000163108  -0.000437046  -0.00973032  -0.0570419  0.0018625  
5.28092e-05  0.000269191  -0.000673516  -0.022881  -0.00856912  0.00184433  
0.000677625  0.000401674  -0.000588523  -0.0219322  -0.043722  0.00190484  
0.000483896  0.000401674  -0.000437046  -0.0189758  -0.00648484  0.00198277  
0.00119792  7.61593e-05  -0.000437046  -0.00390473  -0.0405731  0.0020495  
0.000403157  -5.38763e-05  -3.00394e-05  0.0157989  -0.00820835  -0.0247247  
0.000316053  -7.11331e-05  -3.85785e-05  0.0109679  -0.0519871  -0.00282076  
-2.39829e-05  -7.11331e-05  -4.40157e-05  -0.00311891  0.00482905  -0.0090246  
0.000422198  -7.11331e-05  0.000265491  0.0134186  -0.0423241  0.0202129  
9.35225e-05  0.000390308  -5.13699e-05  -0.00977877  0.0171119  0.0202512  
0.000822219  0.000250387  0.000131583  0.0137674  -0.027245  0.0453328  
9.48033e-05  0.000241025  -7.39783e-05  -0.0073011  0.0148004  0.0169437  
0.000591529  0.000241025  -2.29127e-06  0.00433942  -0.0379616  0.0453874  
0.00017873  0.000241025  0.000131583  -0.0001738  0.0145881  0.0235199  
0.000847255  0.000241025  0.000131583  -0.00601408  -0.0350681  0.0407004  
0.000277372  0.000241025  -9.90388e-05  -0.00978463  0.0202727  0.0503974  
0.000654561  0.000469843  3.55298e-06  -0.00979945  -0.033728  0.0617186  
-7.13882e-05  0.000152149  0.000131583  0.0151555  0.00851426  0.0336738  
0.000663318  -8.50151e-05  0.000506305  0.0136365  -0.0232246  0.061765  
0.00018323  3.47663e-05  0.000332323  0.0204535  0.00800989  0.0872701  
9.43387e-05  -4.00202e-05  0.000406206  0.0204517  -0.0336738  0.0765147  
-0.000287946  3.47663e-05  0.000131583  0.0183094  -0.0058483  0.0673432  
0.000207162  3.47663e-05  0.000131583  0.0204546  -0.0185252  0.0902805  
-0.000183299  -0.000100343  0.000131583  0.017833  0.0331324  0.0825799  
-6.04345e-05  3.47663e-05  0.000451308  0.0335618  -0.0306659  0.0948987  
0.000138116  3.47663e-05  0.00027708  0.0204491  0.00495164  0.094906  
0.000131889  3.47663e-05  0.000475354  0.0204588  0.0276235  0.0793979  
0.000779627  -0.000395143  0.000583938  0.0245848  -0.0207548  0.0982344  
0.000190399  -0.000435094  0.000435336  0.0344012  0.0335862  0.09495  
0.000495858  -0.00038509  0.000583938  0.035948  -0.0175461  0.112707  
0.000847977  -0.000517518  0.000583938  0.028591  0.0403994  0.0936767  
0.000748476  -0.00038509  0.000583938  0.0204983  0.0137283  0.106038  
0.000551287  -0.000388933  0.000583938  0.0265727  0.0181621  0.0889015  
0.000551287  -0.000268649  0.000583938  0.030886  0.0105924  0.0789062  
0.00078091  -0.000270934  0.000583938  0.0204887  -0.0151405  0.0830512  
7.37026e-05  -0.000394086  0.000583938  0.0205012  0.0375115  0.0774154  
0.000769462  -0.000325874  0.000583938  0.0204946  -0.0322176  0.089724  
0.000292835  -0.000394086  0.000507785  0.0205038  0.00534936  0.0789086  
0.000455313  -0.000394086  0.000583938  0.0126294  -0.00166036  0.0729364  
0.000512076  -9.39405e-05  0.000655866  0.00500794  -0.0294348  0.0760495  
0.000399277  -0.000221768  0.000583938  0.0123487  0.0144185  0.0856461  
0.00070524  -0.000394086  0.00090113  0.0204961  -0.0265591  0.0856515  
4.19514e-06  -0.000165684  0.000859097  0.0204819  0.0265386  0.0857102  
0.000801063  -0.000193466  0.000738932  0.0156874  -0.00256192  0.0857286  
0.000585687  -0.000193466  0.000892758  0.0121064  0.0342157  0.0857501  
0.00109635  -0.000373899  0.000807878  0.0204991  0.00393975  0.0857429  
0.000425419  -0.000193466  0.00127043  0.0205142  0.0258986  0.0857932  
0.000572737  -0.000193466  0.00127043  0.0205142  -0.0155145  0.085789  
0.000516835  -0.000248785  0.00127043  0.0205209  0.0304795  0.085787  
0.000791707  -0.000193466  0.00127043  0.0205142  -0.00356865  0.085798  
0.000473488  -0.00032577  0.00127043  0.0115342  0.0139457  0.0858062  
0.000758109  -0.000193466  0.00127043  0.0205142  -0.00169243  0.0858103  
0.000641572  -0.000372729  0.00127043  0.0205397  0.0282661  0.0858236  
0.000781799  -0.000193466  0.00127043  0.0266955  0.00223466  0.10595  
0.000781799  -0.000548276  0.00127043  0.0205739  0.028286  0.103285  
0.00123783  -0.000382151  0.00127043  0.0205436  0.000486488  0.103368  
0.000886761  -0.000471897  0.00163056  0.0272823  0.0394094  0.113103  
0.00112857  -0.000467514  0.00154878  0.038126  -0.0021601  0.112463  
0.000715216  -0.000664674  0.00169875  0.0603567  0.0506397  0.108399  
0.000995919  -0.000643363  0.00194291  0.0603434  -0.0171597  0.126098  
0.000729318  -0.000913442  0.00169875  0.0533491  0.0397522  0.117449  
0.000974451  -0.000643363  0.00187157  0.0603548  -0.00334849  0.116549  
0.000648531  -0.000643362  0.00182974  0.0505997  0.0404426  0.106313  
0.000674817  -0.000812107  0.00177033  0.0455516  -0.000830498  0.11095  
0.000746879  -0.000643362  0.00177033  0.0546911  0.0282314  0.126154  
0.000962964  -0.000643362  0.00208653  0.0297702  0.0282475  0.108259  
0.00116154  -0.00075844  0.00177033  0.04566  0.0282943  0.109594  
0.001407  -0.000693367  0.00194933  0.0416473  0.0283043  0.0714091  
0.00124197  -0.000643362  0.00194101  0.0467671  0.0305234  0.0804507  
0.00102302  -0.000643362  0.00206213  0.0503538  0.028249  0.0736094  
0.00115094  -0.000643362  0.00217697  0.0493339  0.0214926  0.0971771  
0.000949142  -0.000643362  0.0026205  0.0603617  0.0281691  0.0950069  
0.00133521  -0.000643362  0.0026205  0.0603617  0.02823  0.113834  
0.00101894  -0.000643362  0.0026205  0.0603617  0.0333726  0.106519  
0.00108028  -0.000740353  0.0026205  0.0603828  0.00742508  0.142471  
0.001158  -0.000643362  0.00275117  0.0603721  0.0461421  0.115793  
0.00183655  -0.000700221  0.00301521  0.060375  0.01516  0.116525  
0.0013752  -0.000480019  0.00294501  0.0603648  0.0808688  0.114114  
0.00166364  -0.000646103  0.00304399  0.0576273  0.0293038  0.107545  
0.00119927  -0.000659301  0.00275095  0.0541108  0.06853  0.108666  
0.00188609  -0.000766544  0.00321326  0.0604094  0.0425908  0.0989096  
0.00117301  -0.000654744  0.00310445  0.0566775  0.0852463  0.10707  
0.00138579  -0.000594042  0.00310445  0.0603919  0.0451841  0.113024  
0.00162571  -0.000714671  0.00310445  0.0425531  0.0657802  0.107883  
0.00153388  -0.000820036  0.00310445  0.0308093  0.0272507  0.109389  
0.0016707  -0.000683665  0.00310445  0.0347222  0.0764572  0.107142  
0.00209105  -0.000437662  0.00310445  0.0305516  0.028657  0.103392  
0.00164005  -0.000727919  0.00356458  0.0301097  0.0901092  0.0767093  
0.00220345  -0.00067299  0.00320639  0.0468047  0.0330484  0.0903776  
0.00172628  -0.000941773  0.00335413  0.0574635  0.0696481  0.0903936  
0.00208944  -0.000728694  0.00349689  0.0505428  0.0573685  0.0903828  
0.00208742  -0.00090739  0.00345475  0.0578882  0.0599257  0.101335  
0.00196556  -0.000816786  0.00336812  0.0543693  0.0571138  0.115322  
0.0021814  -0.000866773  0.00374175  0.0605213  0.0454081  0.107272  
0.00215943  -0.000943263  0.00386489  0.0605496  0.040378  0.130393  
0.00209515  -0.000818064  0.0032664  0.0605108  0.0737972  0.130412  
0.00166674  -0.000926115  0.00356927  0.060516  0.0705558  0.130422  
0.0017455  -0.000798533  0.00359568  0.0650797  0.0466286  0.130434  
0.00166674  -0.00073771  0.00354385  0.0604984  0.0771686  0.138505  
0.00185281  -0.000821616  0.00376884  0.0742302  0.0450307  0.130434  
0.00128626  -0.00128644  0.0043478  0.0774502  0.0803265  0.130371  
0.00176641  -0.00106434  0.00379469  0.0728858  0.0387829  0.130386  
0.00162834  -0.00111067  0.00393956  0.0691741  0.0741582  0.110321  
0.00162834  -0.000798952  0.00411078  0.0783892  0.0562527  0.111174  
0.00151138  -0.000987233  0.00426154  0.074633  0.0687082  0.120599  
0.00192347  -0.0012026  0.00425525  0.0717478  0.0433803  0.130411  
0.00155648  -0.00124046  0.00419728  0.0691306  0.101641  0.164076  
0.00163478  -0.0014455  0.00429429  0.0705401  0.0701864  0.15883  
0.0016036  -0.0012621  0.00432614  0.0736727  0.0947323  0.15399  
0.00241705  -0.00226395  0.00436722  0.0915702  0.149635  0.113411  
0.00248141  -0.00373775  0.00471558  0.136352  0.134102  0.088813  
0.00295069  -0.00400152  0.0048717  0.143417  0.0815538  0.0957256  
0.00291501  -0.00341382  0.00441581  0.124054  0.123941  0.0826921  
0.00318488  -0.00329663  0.00453633  0.143301  0.0845715  0.077184  
0.00289322  -0.00350867  0.00496194  0.143422  0.133084  0.0598324  
0.00323708  -0.0032411  0.00482917  0.143398  0.0991904  0.0861588  
0.00302014  -0.00344979  0.00498167  0.143449  0.112432  0.0905189  
0.00311252  -0.00333095  0.00489284  0.143412  0.0702612  0.10603  
0.00271957  -0.00295321  0.00478672  0.118482  0.123391  0.122053  
0.00284704  -0.00311418  0.00481515  0.137073  0.0758212  0.127042  
0.00282127  -0.00274277  0.00475285  0.115782  0.105366  0.120634  
0.00289943  -0.00296385  0.00452626  0.119358  0.122618  0.103008  
0.00266284  -0.00268625  0.00446765  0.116181  0.118699  0.135302  
0.00243205  -0.00256705  0.00449813  0.100271  0.131497  0.117622  
0.00271062  -0.00263158  0.00409116  0.102742  0.0827048  0.117596  
0.00247074  -0.00241289  0.00409116  0.0865316  0.166922  0.117624  
0.00298952  -0.00248293  0.00409116  0.0924618  0.0944675  0.117611  
0.00254404  -0.00245231  0.00409116  0.0906637  0.144963  0.131172  
0.00289191  -0.00238664  0.00409116  0.0863977  0.0869061  0.106417  
0.00256685  -0.00221863  0.00409116  0.0767768  0.123657  0.0994758  
0.00266999  -0.00213978  0.00409116  0.0872957  0.0998905  0.0834536  
0.0021116  -0.0021235  0.00409116  0.0624435  0.135576  0.0930257  
0.00243095  -0.00210555  0.00409115  0.0680189  0.08341  0.0930132  
0.00221782  -0.00195727  0.00409115  0.0683545  0.115028  0.0799102  
0.00148095  -0.00169005  0.00409115  0.0654526  0.093182  0.0771175  
0.00126453  -0.00177968  0.00489334  0.0755293  0.150442  0.0234902  
0.0024911  -0.00169005  0.00433717  0.0707144  0.0517312  0.0191968  
0.00176684  -0.00154192  0.00433717  0.0606879  0.127862  0.0203685  
0.00218627  -0.00141434  0.00433717  0.0674683  0.0680523  0.000734102  
0.00226407  -0.00136025  0.00391934  0.052222  0.12266  0.0433533  
0.00230104  -0.00139925  0.00413995  0.0587024  0.113202  0.00452069  
0.00230502  -0.00140938  0.00391934  0.0471509  0.100348  0.0165126  
0.00257822  -0.00133122  0.00420272  0.0523674  0.0864626  -0.0123417  
0.00204973  -0.0013292  0.00455996  0.0674779  0.142836  0.0198936  
0.00224354  -0.0015227  0.00449285  0.0674824  0.108771  0.00456747  
0.00165824  -0.00109314  0.00455996  0.0674445  0.158803  0.0487248  
0.00228255  -0.00153581  0.00484777  0.0942195  0.104455  0.0284497  
0.00185873  -0.00167032  0.00468312  0.0999547  0.18568  0.0312095  
0.00198499  -0.00165531  0.00500939  0.104046  0.12972  0.0364128  
0.00194874  -0.00220438  0.00530077  0.120189  0.147581  0.0314143  
0.00179669  -0.00176397  0.00523814  0.104124  0.146533  0.0486641  
0.00196569  -0.00173559  0.00526694  0.104119  0.148616  0.0486321  
0.00200754  -0.00148103  0.00507542  0.104045  0.146823  0.0486712  
0.00202489  -0.00162804  0.00531504  0.108692  0.173443  0.0238938  
0.00194772  -0.00187451  0.0052425  0.111644  0.132547  0.0423545  
0.00153146  -0.00167867  0.00520348  0.106431  0.186221  0.0507207  
0.0017369  -0.00179819  0.00517605  0.112485  0.112994  0.0517284  
0.00141843  -0.00167941  0.00485074  0.0938884  0.172187  0.048749  
0.00189686  -0.00170972  0.00511677  0.0967923  0.107392  0.0414435  
0.00156272  -0.00181589  0.00523199  0.0920337  0.142804  0.035579  
0.00134942  -0.00213244  0.00529002  0.0937343  0.152506  0.0214333  
0.00187518  -0.0018185  0.00544712  0.100476  0.174797  0.0267863  
0.00206848  -0.00181029  0.00554331  0.104925  0.128937  0.0323611  
0.00177491  -0.00187322  0.00513263  0.100421  0.156356  0.0282176  
0.0016881  -0.00183883  0.00527547  0.100423  0.156324  -0.0121069  
0.00181202  -0.00176177  0.00500727  0.100378  0.156368  0.00682105  
0.00194446  -0.00171941  0.00485074  0.100366  0.137624  0.00682623  
0.00151561  -0.00162008  0.0049893  0.0880752  0.159323  0.0255276  
0.00184817  -0.00161436  0.00485074  0.089037  0.112362  0.0255013  
0.00149414  -0.00148758  0.00485074  0.0819314  0.172028  0.0376803  
0.00191028  -0.00146882  0.00460074  0.0894496  0.114156  0.039423  
0.00168814  -0.00140145  0.0052031  0.0881612  0.178421  0.0498736  
0.00202911  -0.00150491  0.00522474  0.100393  0.133911  0.0350083  
0.00155416  -0.00119158  0.00524932  0.100369  0.169667  0.0351154  
0.00179135  -0.00142638  0.00540807  0.100394  0.110302  0.0151797  
0.00152578  -0.00119158  0.00525417  0.0937608  0.154508  0.0239393  
0.00209296  -0.00138904  0.00485073  0.0847222  0.137487  0.0490493  
0.00169774  -0.00119158  0.00485074  0.0917439  0.16837  0.0601643  
0.00168735  -0.000936754  0.00485074  0.0620235  0.132899  0.0491333  
0.00142023  -0.00079637  0.00485073  0.0481552  0.167714  0.0701214  
0.00166766  -0.000962818  0.00485073  0.0611693  0.136844  0.0557281  
0.00133267  -0.00122713  0.00485073  0.0677994  0.163682  0.0758302  
0.00167467  -0.0011838  0.00485073  0.0763093  0.0998755  0.035754  
0.00121514  -0.00118862  0.00485073  0.0763028  0.152137  0.0467077  
0.00142052  -0.00115206  0.00485073  0.0681293  0.117513  0.0253718  
0.000801857  -0.00115206  0.00497855  0.0614245  0.164284  0.0607442  
0.00111482  -0.00127905  0.00542054  0.0763425  0.0925488  0.0116702  
0.000638225  -0.00132235  0.00485073  0.0415858  0.149602  0.0510961  
0.000894023  -0.00115206  0.00529952  0.0670658  0.0911528  0.0198814  
0.000627268  -0.00115206  0.00544141  0.0763859  0.164184  0.0235052  
0.00118155  -0.00115206  0.00562824  0.0930728  0.107263  0.0128898  
0.000400815  -0.00158984  0.00566153  0.0932858  0.17876  0.0343104  
0.0014769  -0.00151662  0.00561526  0.0916838  0.113135  0.00894814  
0.000722086  -0.00115206  0.00571842  0.0773934  0.159235  0.00908245  
0.00129962  -0.00139522  0.00568236  0.0788941  0.137573  0.0257767  
0.000678634  -0.00139669  0.00581693  0.075458  0.169289  0.00909058  
0.00085693  -0.00129206  0.00549208  0.0821386  0.162529  0.0273791  
0.00085693  -0.00171535  0.00564007  0.0822446  0.201757  0.0429134  
0.00115404  -0.00142688  0.00557415  0.0820873  0.122677  0.0203261  
0.000514698  -0.00188161  0.00571704  0.0822175  0.203567  0.0322924  
0.00100565  -0.00147533  0.00558438  0.0821093  0.13015  0.00197827  
0.000637182  -0.0016907  0.00566034  0.0821701  0.179132  0.0322606  
0.00106435  -0.0020404  0.00587149  0.0821842  0.136556  0.013121  
0.000832216  -0.00186989  0.00600053  0.0822272  0.153603  0.013181  
0.00090244  -0.00183983  0.00569313  0.0753488  0.134841  0.0131886  
0.0012346  -0.00175944  0.00561289  0.0821596  0.153686  0.0131487  
0.00102034  -0.00188025  0.00555551  0.0795125  0.153684  0.00537188  
0.000968197  -0.00169822  0.00531243  0.0688884  0.149986  0.00612071  
0.00108082  -0.00140582  0.00548201  0.0668529  0.133264  -0.0359948  
0.000660254  -0.00178544  0.00559718  0.0821548  0.158567  -0.0141692  
0.000978703  -0.00181857  0.00568851  0.0841992  0.121213  -0.0332581  
0.000650452  -0.00182781  0.00560541  0.0821332  0.154342  -0.0155741  
0.000988956  -0.00181948  0.00563137  0.0820836  0.107742  -0.0467522  
0.000592305  -0.00150706  0.00562537  0.0669988  0.17071  -0.0157446  
0.00108691  -0.00210682  0.00576104  0.0821696  0.0977949  -0.0243981  
0.000563977  -0.00179183  0.00581063  0.0732834  0.17383  -0.00244886  
0.00126811  -0.0019391  0.00585657  0.0821844  0.127019  -0.0369511  
0.000661685  -0.00140583  0.00584478  0.0821988  0.170137  -0.0144305  
0.00108162  -0.00140583  0.00569092  0.0756261  0.114981  -0.0144822  
0.00109033  -0.00151193  0.00554452  0.0616781  0.181471  0.0135229  
0.00111536  -0.00160378  0.00586377  0.0816125  0.139769  -0.00652584  
