-0.000798162  0.00273872  -0.00146126  -0.0906371  -0.0660683  0.241541  
0.00020977  0.00234819  -0.00146126  -0.122335  -0.0657849  0.250422  
0.000304952  0.00153977  -0.0011062  -0.114657  -0.0657122  0.22875  
0.000381074  0.0017131  -0.00146126  -0.111841  -0.0657495  0.243364  
-0.00018612  0.0017131  -0.00146126  -0.114692  -0.0497739  0.22074  
0.000292564  0.0017131  -0.000977005  -0.101129  -0.0564536  0.206941  
0.000205969  0.0017131  -0.000907399  -0.0893009  -0.0531288  0.191837  
0.000612287  0.00181407  -0.000775415  -0.0827277  -0.0656582  0.202157  
5.80648e-05  0.00163637  -0.000487445  -0.0815181  -0.0391509  0.192022  
5.80649e-05  0.0017131  -0.000487445  -0.0899422  -0.0505634  0.192015  
5.80649e-05  0.00139742  -0.000487445  -0.0686685  -0.0615001  0.192042  
5.80649e-05  0.00159771  -0.000331665  -0.0643838  -0.0657136  0.192022  
0.000282859  0.00130507  -5.53356e-05  -0.0574594  -0.0404475  0.172869  
0.000151204  0.00133033  0.000199581  -0.0548048  -0.0497625  0.176816  
0.000297621  0.00145113  -5.04189e-05  -0.05891  -0.042533  0.170533  
0.000377556  0.00111701  -0.000659072  -0.0721688  -0.0278051  0.159519  
0.000627178  0.000793323  -0.000496976  -0.07546  -0.047544  0.13129  
-0.00330631  0.000134438  -0.000803135  -0.06534  -0.0871808  0.403504  
-0.000565027  -0.000412111  -0.000665666  -0.0544468  -0.0422148  0.0672448  
-1.84714e-05  -0.000273753  -0.000397353  -0.00826229  -0.0509965  0.0050419  
0.000267798  -0.000151236  -7.16783e-05  0.00197226  -0.0037136  0.00668187  
-7.26603e-06  0.000134438  -0.000496976  -0.00446204  -0.0218668  0.0217889  
2.52852e-05  1.65167e-05  -0.000363865  0.00193831  -0.0370559  0.0217895  
-0.000129262  0.000134438  -0.000239609  -0.0158544  -0.00898862  0.0122529  
-0.000247975  0.000451654  0.000119725  0.00398177  -0.0218608  -0.00314765  
3.33623e-05  0.000509549  0.000197838  0.00189954  -0.0218654  -0.00353849  
0.000609858  0.000506351  -0.000138508  -0.00460924  0.010836  0.0114197  
5.12815e-05  0.000213223  0.000128746  -0.00381339  0.00836497  -0.0153957  
-4.24853e-05  0.000134438  2.91223e-05  -0.00358807  0.00598554  -0.0234086  
-4.24853e-05  0.000727317  -0.000219425  -0.0325987  -0.0238436  0.0587747  
-4.24853e-05  0.0013317  8.7372e-05  -0.00589401  -0.0309551  0.0359936  
7.60412e-06  0.000727317  0.00073745  -0.00163349  -0.0121401  0.00349463  
-4.24853e-05  0.000727317  0.00073745  0.00757603  0.0175573  -0.0290552  
-9.94858e-05  0.000671742  0.000545021  0.00757904  0.00381331  -0.0290973  
-4.24853e-05  0.000727317  0.000332071  -0.00162029  -0.0129069  -0.0344328  
1.84749e-05  0.000727317  0.000332071  -0.00506111  -0.00488893  -0.0343861  
-4.24853e-05  0.000942055  0.000332071  0.00108089  0.0093318  -0.0389596  
1.39484e-05  0.000912509  0.000332071  -0.00919219  -0.000223969  -0.034244  
0.000304517  0.000922709  0.000332071  -0.00918799  -0.0129088  -0.0389536  
0.000281646  0.000981811  0.000453243  -0.00375707  -0.0129271  -0.0424626  
0.000169207  0.000481632  0.000332071  0.00556172  0.00361332  -0.070853  
0.000399752  0.000668594  0.000592335  0.0093655  0.00129267  -0.0652235  
0.000865622  0.000727317  0.000617038  0.00676516  -0.0101578  -0.0741581  
0.000865622  0.000727317  0.000683186  0.00954162  -0.0129595  -0.080233  
0.000865622  0.000727317  0.000636815  -0.0024131  0.0108725  -0.0781955  
0.000865622  0.000727317  0.0008204  0.0109744  0.0122254  -0.080233  
0.00109219  0.000727317  0.00143134  0.0147489  -0.00302129  -0.0524707  
0.000865622  0.000675336  0.00101695  0.0122927  -0.0143255  -0.116355  
0.00104784  0.000675463  0.00115075  0.0156903  0.0191082  -0.120196  
0.000865622  0.000727317  0.000920721  0.0116903  0.0258749  -0.117774  
0.000977205  0.000630326  0.00098832  0.0127622  0.0197105  -0.130666  
0.00127162  0.000320715  0.000473648  -0.00925959  0.0212062  -0.161326  
0.00156119  -0.000843006  0.000473648  0.0174574  -0.0161967  -0.198313  
0.00138533  -0.000887263  0.000283461  0.0107179  0.0203902  -0.194692  
0.00153893  -0.000979442  -0.000293448  -0.00958417  0.0191978  -0.207461  
0.00153893  -0.00112208  5.0386e-06  0.00211092  0.0114769  -0.199044  
0.00143218  -0.000927453  5.0386e-06  0.00490548  0.0137147  -0.209671  
0.00153893  -0.00107833  0.000219886  0.02545  0.023233  -0.21822  
0.00187918  -0.00113774  5.0386e-06  0.0360268  0.0228516  -0.22815  
0.00153159  -0.00120377  -0.000428948  0.0359955  -0.0101904  -0.227971  
0.0019094  -0.00172524  0.000406244  0.0437103  0.0219977  -0.253936  
0.00199448  -0.0015662  0.000407572  0.0425699  0.0292514  -0.25143  
0.00199448  -0.00157508  0.000407572  0.0359476  0.0116526  -0.235142  
0.00223222  -0.00174158  0.00029104  0.038869  0.00280486  -0.239874  
0.00216014  -0.00154497  0.000407572  0.0493646  0.0301716  -0.257176  
0.00214287  -0.00154497  0.000407572  0.0359701  0.0116218  -0.218426  
0.0020859  -0.00154497  0.000407572  0.0359701  0.0183397  -0.229395  
0.0020859  -0.00174281  0.000407572  0.0359238  0.027885  -0.240397  
0.0020859  -0.00160222  0.000407572  0.0359569  0.0134755  -0.221917  
0.00220737  -0.00154497  0.000407572  0.0359701  0.0134517  -0.221919  
0.0020859  -0.00154497  0.000407572  0.0359701  0.0134755  -0.221916  
0.00197782  -0.00140968  0.000657435  0.0533953  0.0134863  -0.237208  
0.00178219  -0.00185814  0.00096054  0.0544466  0.0432967  -0.248004  
0.00212162  -0.00154497  0.000977753  0.0360142  0.0345874  -0.24801  
0.00212347  -0.00154497  0.000935577  0.0564279  0.0219322  -0.241194  
0.0016869  -0.00154497  0.000437189  0.030973  0.0135451  -0.247979  
0.0019369  -0.00154497  0.000289575  0.0158366  0.0278325  -0.259824  
0.00232052  -0.00194592  0.000492683  0.0358921  0.0288891  -0.231345  
0.00216755  -0.00180497  0.000492683  0.0309222  0.0265151  -0.231336  
0.00228661  -0.00196004  0.000492683  0.0359054  0.0268895  -0.24567  
0.00224612  -0.00182457  0.000636899  0.0359479  0.0134205  -0.226807  
0.00233817  -0.00209942  0.00066461  0.0358843  0.0312631  -0.231363  
0.00234134  -0.00197292  0.00076903  0.0359347  0.0322458  -0.231362  
0.00258149  -0.00202516  0.000492683  0.0358775  0.031583  -0.263764  
0.00272712  -0.00277799  -0.000312031  -0.167132  -0.0590236  -0.334241  
0.00385789  -0.00383691  0.00131464  0.118376  0.0321902  -0.334442  
0.00352754  -0.00365438  0.00116606  0.112561  0.0200869  -0.341533  
0.00448208  -0.0036441  0.000642898  0.0963993  0.0284509  -0.338899  
0.00423924  -0.00421999  0.000642898  0.0962419  0.0454693  -0.352237  
0.00404191  -0.00397477  0.00142424  0.108307  0.0402389  -0.330573  
0.00393269  -0.004271  0.00238549  0.167836  0.0424285  -0.33744  
0.00394714  -0.00446273  0.00214869  0.161806  0.0489745  -0.333881  
0.00353061  -0.00464327  0.00245386  0.167769  0.0283983  -0.333895  
0.00317175  -0.00468625  0.00196246  0.150864  0.0487274  -0.333876  
0.00283615  -0.00487918  0.00196246  0.154407  0.0595966  -0.336925  
0.00274152  -0.00458792  0.00253564  0.187492  0.0402713  -0.322406  
0.00268578  -0.00489659  0.00231493  0.182167  0.0308907  -0.327601  
0.00238684  -0.00498993  0.00246211  0.19105  0.0436035  -0.335515  
0.00273629  -0.00499648  0.00231493  0.167664  0.0492689  -0.319425  
0.00238684  -0.00458792  0.00248388  0.167795  0.0502042  -0.321475  
0.00223271  -0.00482364  0.00272715  0.190571  0.0466333  -0.325354  
0.00255182  -0.00504277  0.00269348  0.199983  0.0485663  -0.340378  
0.00272794  -0.00520148  0.00255208  0.197505  0.0418733  -0.346023  
0.00277454  -0.00532119  0.00266248  0.19343  0.0517636  -0.333587  
0.00269695  -0.00558142  0.00247362  0.180302  0.0573355  -0.354369  
0.00238291  -0.00551727  0.00260417  0.173693  0.0544776  -0.361053  
0.00251155  -0.00569838  0.00218444  0.171712  0.055669  -0.361198  
0.00274849  -0.00583943  0.00242269  0.179804  0.0512455  -0.335275  
0.00287813  -0.00523834  0.0024781  0.181962  0.049106  -0.341217  
0.00263737  -0.00560392  0.00254706  0.188387  0.0491535  -0.341296  
0.0028557  -0.00562272  0.00218444  0.0877119  0.110165  -0.221885  
0.00346795  -0.00576262  0.00246278  0.145201  0.0602082  -0.033845  
0.00359617  -0.00630114  0.0019712  0.148442  0.0725272  -0.273683  
0.00354338  -0.00688858  0.00210878  0.148282  0.0802855  -0.350521  
0.00356891  -0.00719744  0.00239525  0.20565  0.0724731  -0.382722  
0.00363632  -0.00727368  0.0025051  0.215237  0.0443482  -0.353116  
0.0032676  -0.00719273  0.00232618  0.217516  0.0445179  -0.361668  
0.00308945  -0.00727367  0.00232618  0.226012  0.0546161  -0.371691  
0.00359458  -0.00695363  0.00232618  0.226087  0.0636874  -0.378532  
0.00400349  -0.00697033  0.00224558  0.223244  0.0442458  -0.371617  
0.00359458  -0.00703719  0.00205088  0.222884  0.0648051  -0.371525  
0.00389025  -0.00707435  0.00232618  0.231787  0.06463  -0.402785  
0.0036196  -0.00701985  0.00260961  0.249562  0.0646377  -0.418649  
0.00337425  -0.00708133  0.00232618  0.231766  0.0475693  -0.402763  
0.00361863  -0.00730983  0.00232618  0.231707  0.0508273  -0.401346  
0.00319455  -0.00700957  0.00251723  0.231809  0.0648326  -0.397081  
0.00353966  -0.00727143  0.00254776  0.231706  0.0593557  -0.394783  
0.00361355  -0.00704372  0.0025747  0.233834  0.0646653  -0.393112  
0.00344185  -0.00706689  0.00249349  0.231801  0.064753  -0.402414  
0.00347775  -0.00699901  0.00260781  0.224743  0.0794728  -0.406187  
0.00378404  -0.00706785  0.0026545  0.231798  0.0746155  -0.420313  
0.00346948  -0.00705123  0.00248142  0.214898  0.0397197  -0.403101  
0.00346948  -0.00736311  0.00272656  0.219673  0.0702602  -0.406889  
0.00358041  -0.00749976  0.00270868  0.216522  0.0756375  -0.405466  
0.00358212  -0.00745656  0.00270453  0.218488  0.069221  -0.392529  
0.00369245  -0.00748592  0.00277917  0.215918  0.044675  -0.381511  
0.00346948  -0.00768019  0.0026552  0.212506  0.0571301  -0.4024  
0.00403975  -0.00769923  0.00308148  0.25884  0.0861958  -0.440545  
0.00368527  -0.0078515  0.00320479  0.27711  0.0627735  -0.439521  
0.0034038  -0.00770224  0.00320479  0.277164  0.0628894  -0.446272  
0.00359766  -0.00759236  0.00320479  0.248998  0.0628178  -0.448333  
0.00344616  -0.00756684  0.00320479  0.251905  0.0722944  -0.443323  
0.00382764  -0.00783088  0.00320479  0.260272  0.08262  -0.430841  
0.00370352  -0.00778924  0.00331351  0.248377  0.0738626  -0.431599  
0.00359692  -0.00753305  0.00320479  0.24192  0.0597468  -0.449801  
0.00384135  -0.0076186  0.00271126  0.229739  0.0790261  -0.448773  
0.00384135  -0.00774262  0.00271126  0.225203  0.0827161  -0.435031  
0.00403388  -0.00760321  0.00294019  0.2305  0.0752407  -0.439287  
0.00404081  -0.00766107  0.0029211  0.225243  0.0825739  -0.447385  
0.00407879  -0.00771696  0.00271126  0.233658  0.0720029  -0.461303  
0.00407879  -0.00749809  0.00293043  0.222306  0.0825407  -0.50674  
0.00338797  -0.00844294  0.00252523  0.202938  0.0396171  -0.588639  
0.00498656  -0.00892405  0.00293916  0.256795  0.0688486  -0.596015  
0.00663801  -0.00868253  0.00318712  0.267369  0.0884213  -0.621892  
0.00632579  -0.00864219  0.00337816  0.272943  0.104649  -0.619956  
0.00612683  -0.008405  0.00322523  0.267479  0.0877355  -0.594176  
0.00619179  -0.0086741  0.00312957  0.267339  0.0784316  -0.594263  
0.00587803  -0.00873981  0.003149  0.267327  0.0856329  -0.606883  
0.00588325  -0.0085513  0.00319129  0.246452  0.0893645  -0.594211  
0.00570316  -0.00882439  0.0034147  0.267291  0.0795018  -0.566414  
0.00701519  -0.00882439  0.00316144  0.256939  0.0879156  -0.588876  
0.00644959  -0.00882439  0.00336912  0.267293  0.0934454  -0.61553  
0.00609745  -0.009497  0.00317074  0.241227  0.114439  -0.615306  
0.00624328  -0.00914475  0.00337555  0.267151  0.101472  -0.610004  
0.00597069  -0.00926597  0.00330084  0.267076  0.0912376  -0.599225  
0.00615889  -0.00935004  0.00319745  0.267038  0.0867444  -0.645151  
0.00627841  -0.00935004  0.00334792  0.267057  0.10341  -0.616002  
0.00632918  -0.00912924  0.0032526  0.267146  0.0949345  -0.606829  
0.00632918  -0.00911972  0.00330283  0.267166  0.0921149  -0.601236  
0.00613231  -0.00935004  0.00356197  0.271576  0.0921067  -0.609255  
0.00622728  -0.00899439  0.0034978  0.267236  0.0893724  -0.586734  
0.00609793  -0.00935004  0.0035487  0.267065  0.0921347  -0.583199  
0.00583235  -0.00935004  0.00369477  0.26705  0.092233  -0.59876  
0.00640787  -0.00935004  0.00362153  0.267028  0.0802998  -0.622864  
0.00640787  -0.00935004  0.00348343  0.26704  0.0767969  -0.610742  
0.00653367  -0.00935004  0.00362425  0.267063  0.0918783  -0.606336  
0.0062138  -0.00935004  0.00344485  0.267073  0.0988087  -0.592534  
0.00363912  -0.0101683  0.00318535  0.245679  0.0897713  -0.50861  
0.00545499  -0.0101683  0.00364456  0.254375  0.0658176  -0.574567  
0.00551077  -0.0101683  0.00373909  0.266404  0.096587  -0.58478  
0.00566167  -0.010035  0.0037666  0.285869  0.0812822  -0.585535  
0.00610544  -0.00972685  0.00392041  0.296313  0.0804953  -0.56481  
0.00588361  -0.0101683  0.00380328  0.285443  0.0795266  -0.56494  
0.00562914  -0.0102746  0.00400958  0.284198  0.108589  -0.589242  
0.00536204  -0.0101683  0.00383087  0.268322  0.0938901  -0.567939  
0.00554329  -0.0101683  0.00371151  0.270518  0.0811377  -0.572301  
0.00549858  -0.0103383  0.00397584  0.275329  0.0810653  -0.591609  
0.00571135  -0.0101683  0.00401905  0.275431  0.103275  -0.591569  
0.00584173  -0.0101683  0.00369853  0.26091  0.103313  -0.591579  
0.00575239  -0.0101017  0.00383262  0.270299  0.0957881  -0.61241  
0.00536204  -0.0101683  0.00382702  0.275397  0.0835144  -0.612841  
0.0057304  -0.0101683  0.00379949  0.258407  0.0788174  -0.591558  
0.00543635  -0.00995405  0.00389833  0.275515  0.0957291  -0.591486  
0.00557712  -0.0100128  0.00398768  0.27547  0.0956335  -0.591507  
0.00565736  -0.0101683  0.00396337  0.27539  0.0797967  -0.591557  
0.00576366  -0.0103085  0.0038691  0.275328  0.0955802  -0.591607  
0.00595381  -0.0101683  0.00390224  0.267757  0.0716023  -0.576219  
0.00536093  -0.0105748  0.00274347  0.211873  0.145982  -0.688338  
0.00507905  -0.0111283  0.00274347  0.225527  0.106262  -0.776017  
0.00563776  -0.0113456  0.00322287  0.240719  0.0999634  -0.731476  
0.00561172  -0.0112028  0.00346513  0.24625  0.108003  -0.720355  
0.00600558  -0.0112826  0.0033105  0.246198  0.119921  -0.704414  
0.00583796  -0.0114429  0.00347922  0.25716  0.107789  -0.695386  
0.00572865  -0.0114209  0.00380147  0.300551  0.103941  -0.704559  
0.0058158  -0.0115567  0.00395807  0.289465  0.104363  -0.694811  
0.00616596  -0.0122472  0.00380925  0.286711  0.107858  -0.703613  
0.00595506  -0.0119961  0.00372593  0.296215  0.119773  -0.694972  
0.00550145  -0.0116904  0.00418402  0.305784  0.122785  -0.691624  
0.00661324  -0.0129322  0.00268651  0.241585  0.129014  -0.797071  
0.00367218  -0.012702  0.00461322  0.370144  0.141473  -0.604623  
0.00395055  -0.0141516  0.00402579  0.355593  0.101568  -0.756655  
0.00524373  -0.0128481  0.00468789  0.370119  0.109432  -0.785546  
0.00479754  -0.0135091  0.00436909  0.367042  0.117035  -0.768756  
0.00544288  -0.0129022  0.0045079  0.353269  0.102399  -0.777499  
0.0057818  -0.0132356  0.00456789  0.344659  0.138376  -0.760587  
0.00640341  -0.0133662  0.00441525  0.341558  0.130703  -0.780282  
0.00586327  -0.0131591  0.00456449  0.341568  0.11695  -0.770116  
0.00598446  -0.0132936  0.00440292  0.338505  0.112745  -0.753858  
0.00599694  -0.012702  0.00464987  0.344949  0.117567  -0.753639  
0.00610185  -0.0131538  0.00451546  0.344693  0.123238  -0.780222  
0.00587043  -0.0126506  0.00445595  0.345003  0.130964  -0.785479  
0.00550972  -0.0127019  0.00430768  0.344951  0.107508  -0.791739  
0.00566274  -0.0131894  0.00440873  0.344658  0.133693  -0.821565  
0.00602384  -0.0127612  0.00469108  0.370831  0.130739  -0.82071  
0.00604198  -0.0123369  0.00479686  0.359335  0.131196  -0.782133  
0.00604303  -0.0121583  0.00482592  0.365871  0.0956895  -0.762236  
0.00580577  -0.0127019  0.00475285  0.371152  0.124563  -0.799114  
0.00577899  -0.0127019  0.0047926  0.37416  0.118048  -0.789545  
0.00601938  -0.0125382  0.00472161  0.366837  0.124427  -0.789472  
0.00609546  -0.0122802  0.00470545  0.366967  0.099955  -0.760794  
0.00529828  -0.0122756  0.00469889  0.371487  0.111096  -0.71751  
0.00586447  -0.0113452  0.00475334  0.367457  0.113819  -0.727804  
0.00603532  -0.0115422  0.00480855  0.380953  0.0931146  -0.751912  
0.00614806  -0.0113185  0.00499256  0.377718  0.103371  -0.751547  
