0.00146358  0.000235751  0  -0.0147173  -0.0272352  -0.0997601  
0.00233209  -0.000209709  0  -1.57745e-05  -0.0664617  -0.105248  
0.00131771  -0.000462497  -0.000244  -4.53358e-05  0.00770481  -0.065449  
0.0016386  -0.000384337  0  -2.85338e-05  -0.0692191  -0.0935164  
0.000975348  -0.000367469  -0.000106114  -0.00731682  -0.00363121  -0.00021809  
0.0012783  -0.000120747  0  -3.26691e-05  -0.0523086  -0.0448823  
0.000839071  -0.000528805  0  -6.75714e-05  0.0215269  -0.0449093  
0.00144083  -6.1434e-05  -0.000159598  -2.30781e-05  -0.0493949  -0.0264202  
0.000577531  -0.000364854  0  -5.44334e-05  0.0247565  0.0111167  
0.00105677  -0.000364854  0  -5.44342e-05  -0.0129283  0.00792301  
0.000471837  -0.000364854  0  -5.44342e-05  0.0148874  -0.0360321  
0.000277467  -0.000364854  0  -5.44362e-05  -8.88566e-05  0.0128946  
0.000471837  -0.000364854  0  0.00765688  -0.0178705  -0.0276576  
1.79998e-05  -0.000364854  5.78375e-05  0.00486564  0.0315099  0.0457658  
0.000758792  -0.000137824  0  -4.27458e-05  -0.01175  -0.0192523  
0.000195203  -0.000364854  8.38915e-05  -5.83732e-05  0.0195132  -0.00210313  
0.000195203  -0.000364854  0  -5.44342e-05  0.0206132  0.0578123  
0.00030038  -0.000189994  -5.73254e-05  -4.98527e-05  -0.0355989  -0.00496144  
-0.000388525  -0.000364854  0  -0.0028859  0.0237701  0.0256087  
1.13566e-05  -0.000148  0  -0.00405051  -0.0153772  0.0390673  
0.000386658  -0.000148808  0  -7.43425e-05  0.00420543  -0.0122989  
-0.000494217  -0.000117382  0  -6.69596e-05  0.0267166  0.052269  
0.000110602  3.8944e-05  0  -8.31744e-05  -0.0123718  0.026043  
-0.000529706  1.38559e-05  0  -8.16824e-05  0.0114044  0.0122583  
-0.000361273  0.000163354  0  -8.73805e-05  0.0118009  0.0594643  
-0.000361273  0.000227429  0  -9.29176e-05  0.0115453  0.0649439  
-0.000570631  0.000214928  0  0.00683755  0.00774866  0.0237447  
-0.000800086  0.000163354  -7.56568e-05  -9.08345e-05  0.0580496  0.0987322  
-0.000230524  8.64231e-05  9.38765e-05  -8.35689e-05  -0.00450989  0.0437475  
-0.000529695  0.000163355  0  0.00412546  0.0140888  0.00695012  
-0.000800086  0.000163354  0  -8.73805e-05  0.0515334  0.0463052  
-0.000602501  0.000163355  0.00010882  -8.10811e-05  0.0177516  0.0624805  
-0.000582775  0.000229293  0  0.00205444  0.0177492  0.0269114  
-0.00123302  0.000163354  0  -8.73805e-05  0.0655898  0.0716789  
-0.00131318  0.000163354  -5.29396e-23  -8.73805e-05  0.0401901  0.0938678  
-0.00104932  0.000481454  0  -0.000108164  0.00710107  0.0398862  
-0.00168403  0.000506096  0  0.00666555  0.0526637  0.103134  
-0.00112731  0.000741455  9.80804e-05  -0.000140508  0.0333837  0.0980675  
-0.00129326  0.000556794  8.59945e-05  -0.000130753  0.0211532  0.0498962  
-0.0013026  0.000741455  0  -0.000143825  0.0500373  0.0971129  
-0.00125756  0.000482641  0.000120575  0.00340995  0.0236078  0.0726166  
-0.0014485  0.000666711  0  -0.000137171  0.0236163  0.0832354  
-0.00176628  0.000741455  0  -0.00215059  0.0401596  0.124756  
-0.00148553  0.000688858  0.00012573  -0.000136857  0.0195152  0.102835  
-0.00144044  0.000661924  6.70406e-05  -0.000140327  0.00579162  0.0368901  
-0.00171477  0.000552074  1.05879e-22  -0.000122774  0.0383068  0.106438  
-0.00088152  0.000741456  0.000117379  -0.000132924  0.0389063  0.0939655  
-0.00116714  0.000741456  0  0.00260324  0.0436441  0.0544043  
-0.00196258  0.00029884  0  -9.67291e-05  0.0618415  0.115224  
-0.00176628  0.000829989  0.000195553  -0.000129624  0.0515859  0.115212  
-0.0015696  0.000708324  8.12857e-05  -0.000135237  0.0159165  0.0445621  
-0.00207563  0.000495382  0  -0.000114243  0.0490604  0.0916165  
-0.00176628  0.000682285  0.000467512  0.00410755  0.0331539  0.125406  
-0.00162233  0.000829989  0.000163894  -0.00013182  0.0337507  0.0825118  
-0.00220307  0.000829989  0  -0.000147449  0.0613013  0.100324  
-0.00176642  0.000829989  0.000165454  -0.000131079  0.0315142  0.120296  
-0.00168935  0.000886844  0  -0.00015369  0.0450853  0.0957354  
-0.00220307  0.000829989  0  0.00243891  0.0647799  0.101542  
-0.00186394  0.00082999  0  -0.000147449  0.029412  0.133422  
-0.00200463  0.00082999  0  0.00200884  0.0322565  0.0917905  
-0.00240346  0.00082999  0.000164195  -0.000128206  0.0639584  0.168107  
-0.00172936  0.000939313  0.000154135  -0.000137558  0.0369346  0.113008  
-0.00232558  0.000829989  0  -0.000147448  0.0787015  0.116165  
-0.00238339  0.000829989  0  -0.000147447  0.0537238  0.152687  
-0.0016179  0.00082999  0  -0.000147448  0.0192468  0.0605712  
-0.00228855  0.00082999  0  -0.000147449  0.0574325  0.108191  
-0.00197742  0.000883897  0.000104719  -0.000145203  0.0448367  0.13442  
-0.00161778  0.00082999  8.69433e-05  -0.000141613  0.0359398  0.0781094  
-0.00220307  0.00100095  8.62537e-05  -0.000158146  0.0576218  0.144991  
-0.00185093  0.000829989  0  -0.000147448  0.0287314  0.117916  
-0.00197876  0.00082999  0  0.00303184  0.0395125  0.0782176  
-0.00220308  0.000914191  0  -0.000154226  0.0852098  0.148854  
-0.0017417  0.00115922  0  -0.00014937  0.0406377  0.0862414  
-0.00220308  0.000829989  0  -0.000147448  0.0506807  0.0948733  
-0.00190019  0.00082999  7.45739e-05  -0.000139991  0.066793  0.134293  
-0.00173318  0.000883973  -2.11758e-22  -0.000154066  0.0622799  0.115815  
-0.00220308  0.000829989  7.06078e-05  -0.000143331  0.0589558  0.134323  
-0.00248248  0.00103483  0  -0.00018216  0.0566887  0.177067  
-0.001991  0.00103834  0  -0.000196384  0.0407633  0.118873  
-0.00230378  0.000855942  0  -0.000160916  0.0404269  0.106975  
-0.00244415  0.000855941  0.000154433  -0.000154383  0.0509688  0.156465  
-0.0017833  0.00100835  -4.23517e-22  -0.000179102  0.0280548  0.10605  
-0.00190085  0.000858487  6.0392e-05  -0.000151141  0.0492145  0.0815837  
-0.00197987  0.00107097  0  -0.000186717  0.0702736  0.160985  
-0.00192905  0.0010924  0.000133871  0.0146142  0.0564287  0.137947  
-0.0020001  0.00107013  0  0.00926384  0.047353  0.125906  
-0.00236558  0.00115542  0  0.0144847  0.0964877  0.158562  
-0.00236558  0.000923206  0.000131608  0.0127909  0.0543765  0.146989  
-0.00183676  0.00136516  0  0.00880898  0.0529993  0.103198  
-0.00236558  0.000923206  0  0.0124747  0.0517902  0.109044  
-0.00257636  0.00138365  -4.23517e-22  0.00873446  0.0593221  0.157894  
-0.00189735  0.00126134  0  -0.000202335  0.0389849  0.126548  
-0.00183438  0.000989895  -2.11758e-22  0.0107188  0.0474469  0.107275  
-0.00192397  0.000923206  0  0.0082378  0.0719736  0.129239  
-0.00236558  0.0010577  0  0.00838823  0.0695395  0.157669  
-0.00226034  0.00103688  -4.23516e-22  0.0039108  0.0641561  0.133273  
-0.00189739  0.00109478  0  0.00659677  0.046168  0.0907589  
-0.00236558  0.00103409  0  0.0102055  0.0620094  0.093593  
-0.00211396  0.00125727  0  0.0052276  0.0461452  0.131589  
-0.00224971  0.00117082  0.000167325  0.0121237  0.0746287  0.160928  
-0.00194157  0.00114842  0.000104217  0.0226056  0.046152  0.120997  
-0.00236558  0.0010861  7.73999e-05  0.0105748  0.0745628  0.135276  
-0.00230307  0.00114842  0.000141299  0.00908833  0.0563187  0.176171  
-0.00170586  0.00114842  0  0.00484847  0.0361259  0.134738  
-0.00195859  0.00114842  -4.23517e-22  0.0128859  0.0733194  0.13476  
-0.00236558  0.00114842  0  0.0141249  0.0926897  0.198165  
-0.00192029  0.00114842  0  -0.000207301  0.0526384  0.0947584  
-0.00200584  0.00114842  0  0.00837189  0.0997118  0.182404  
-0.00207641  0.00114842  0  0.00448576  0.0370776  0.08242  
-0.00236558  0.00107689  0.000175354  -0.000178773  0.0746186  0.192921  
-0.00181738  0.00120565  0  0.00711862  0.0337326  0.0707989  
-0.00236558  0.00114842  0.000111578  0.00886668  0.0904631  0.186797  
-0.0019764  0.00114842  0  -0.000207306  0.00963301  0.0881856  
-0.00212269  0.0010899  0  -0.000198893  0.0680203  0.175417  
-0.00194828  0.00114842  0  -0.000207303  0.0432843  0.117903  
-0.00241477  0.00114842  0.000131154  0.0041309  0.085471  0.163904  
-0.00194828  0.00121272  0  0.00790973  0.074864  0.175321  
-0.00204635  0.00114842  0  -0.000207302  0.0522106  0.129542  
-0.00241761  0.00114842  0  0.00758584  0.0554671  0.110998  
-0.00242274  0.00108929  0  -0.000199165  0.0632251  0.15014  
-0.00194828  0.00109586  0.00012807  0.0020558  0.0520598  0.122042  
-0.00208419  0.00114842  0  -0.000207303  0.0485077  0.106153  
-0.00228874  0.00100263  8.76778e-05  -0.00018261  0.0872064  0.114914  
-0.002393  0.00114842  0  0.00650649  0.0500902  0.154533  
-0.00182506  0.00114842  0.000394374  -0.00015585  0.03637  0.118475  
-0.00253197  0.00114842  0  0.0111852  0.0892208  0.153869  
-0.002393  0.00139388  4.23516e-22  0.0104999  0.0686057  0.160186  
-0.00234159  0.00124044  0.000265029  0.00932579  0.0669221  0.156165  
-0.00208692  0.00108229  0  0.00945352  0.0570238  0.128164  
-0.002393  0.00124044  0.000154908  -0.00020131  0.0792125  0.157038  
-0.002393  0.00112474  0.000263935  0.00780983  0.0862437  0.192858  
-0.00189689  0.00151908  0  -0.000252012  0.0467858  0.116663  
-0.002393  0.00124044  0.000225712  0.00361013  0.0870597  0.131457  
-0.002393  0.00124044  0.0002336  0.00780652  0.0870555  0.190876  
-0.00187593  0.00124044  0.000295312  0.00671858  0.0542953  0.126274  
-0.00233819  0.00103796  0.000211102  0.00865897  0.0821623  0.122068  
-0.00262676  0.00108237  0.000211602  0.0108201  0.0821078  0.183639  
-0.00230334  0.00124044  0.000263784  0.00471417  0.0450561  0.143286  
-0.00219311  0.00124044  0.000334747  0.0142693  0.0694358  0.121144  
-0.00233909  0.00116098  0.000114922  0.0182504  0.0694233  0.158666  
-0.00233556  0.00124044  0.000285215  0.0320394  0.0798572  0.16953  
-0.00228335  0.00124044  0.000571987  0.0187709  0.0694012  0.14053  
-0.00215983  0.00124044  0.00018861  0.0240951  0.0694183  0.127278  
-0.00255425  0.00124044  0.000434653  0.0192807  0.0771068  0.160232  
-0.00203722  0.00116242  0.000425189  0.0211497  0.0694256  0.153677  
-0.00194206  0.00124044  0.000191472  0.0204413  0.069449  0.119226  
-0.00248966  0.00124044  0.000317736  0.0232333  0.081992  0.120172  
-0.00276465  0.00124044  0.000362191  0.0247182  0.0843208  0.185378  
-0.00203722  0.00124044  0.000344338  0.02257  0.0526618  0.122047  
-0.00226225  0.00124044  0.000260352  0.0198835  0.0665113  0.0933025  
-0.00263209  0.00124044  0.000320044  0.0264955  0.0783173  0.163805  
-0.00203722  0.00124044  0.000394679  0.0196665  0.0665312  0.103515  
-0.00203722  0.00124044  0.00024431  0.0244796  0.0665364  0.113515  
-0.00250852  0.00124044  0.000372388  0.0134105  0.066468  0.159856  
-0.00203722  0.00114123  0.00058193  0.0139018  0.059672  0.119571  
-0.00233499  0.000835283  0.000230559  0.0172249  0.0775288  0.119601  
-0.00255535  0.00124044  0.000299361  0.0164018  0.0813888  0.174565  
-0.00193052  0.00124044  0.000345619  0.0187796  0.0568882  0.12994  
-0.00229747  0.00124044  0.000308754  0.024534  0.0685886  0.110879  
-0.00203722  0.00124044  0.00030315  0.0227859  0.0730563  0.159689  
-0.00203722  0.00124044  0.000354617  0.0227915  0.0799947  0.159689  
-0.00208747  0.00124044  0.000268592  0.0241287  0.0576187  0.111972  
-0.00247777  0.00124044  0.000271474  0.026301  0.0918035  0.160372  
-0.00185703  0.00124044  0.000380189  0.0230906  0.0622586  0.111219  
-0.00234561  0.00124044  0.000226493  0.0242179  0.0907811  0.1163  
-0.00237017  0.00124044  0.000226785  0.021117  0.0680377  0.158316  
-0.00184828  0.00124044  0.000253445  0.0178114  0.0509353  0.1159  
-0.00253246  0.00124044  0.000374886  0.024543  0.0941623  0.149229  
-0.00215577  0.00124044  0.000617016  0.0250141  0.0737461  0.17478  
-0.00244973  0.00104225  0.000174321  0.0350421  0.0790113  0.119995  
-0.00213922  0.00107117  0.000302391  0.0227989  0.0902099  0.180404  
-0.00213678  0.00124044  0.000268541  0.0147975  0.0590749  0.113689  
-0.00223331  0.00124044  0.000321624  0.0256963  0.0777056  0.180252  
-0.00188537  0.00109446  0.00023012  0.0241142  0.0590949  0.10548  
-0.00254947  0.00118512  0.000419407  0.0246544  0.121691  0.19696  
-0.0021498  0.00124044  0.000252502  0.0222428  0.0388242  0.109527  
-0.00276834  0.00124044  0.000308045  0.0204494  0.0878893  0.187171  
-0.00200535  0.00124044  0.000261809  0.0224981  0.0334503  0.131999  
-0.0023904  0.00124044  0.00023259  0.0223515  0.0869162  0.139922  
-0.00198569  0.00124044  0.000417114  0.0189616  0.0644975  0.165173  
-0.00205053  0.00124044  0.000242235  0.0255879  0.0440565  0.121316  
-0.0023904  0.00124044  0.000220779  0.0197035  0.0907042  0.137133  
-0.00188278  0.00124044  0.000345965  0.0178395  0.0845718  0.161103  
-0.00183011  0.00124044  0.000208469  0.0129551  0.0436104  0.0659009  
-0.00227722  0.00124044  0.000295472  0.0176383  0.0757866  0.149219  
-0.00176141  0.00124044  0.000338074  0.0178792  0.0621861  0.154791  
-0.00197968  0.00124044  7.91026e-05  0.0274587  0.0616249  0.121734  
-0.0023904  0.00102171  0.000249237  0.0271828  0.0857569  0.173683  
-0.00199238  0.00124044  0.0003021  0.0216284  0.064499  0.172391  
-0.00203887  0.00124044  0.00030407  0.0212536  0.0756439  0.112291  
-0.0023904  0.0011555  0.00030033  0.0261282  0.0904534  0.15928  
-0.00207737  0.00119378  0.000398333  0.0214876  0.06793  0.148846  
-0.0018362  0.00143199  0.000365463  0.0199484  0.0568542  0.10587  
-0.0023904  0.00100758  0.00031574  0.025567  0.0919573  0.122445  
-0.0025455  0.00100758  0.000676356  0.0223256  0.0822096  0.175535  
-0.00221621  0.00118001  0.000589664  0.0353237  0.061334  0.154835  
-0.0023904  0.00135481  0.000553829  0.0334374  0.078485  0.132931  
-0.00270825  0.00153572  0.000522932  0.0290595  0.0889186  0.19806  
-0.00235691  0.00152399  0.000631837  0.0366715  0.0687868  0.198002  
-0.0021051  0.00156291  0.000637446  0.0411605  0.0675949  0.130557  
-0.00259821  0.00176084  0.000727373  0.0444963  0.101018  0.214089  
-0.00228262  0.00176084  0.000564418  0.0394178  0.0627489  0.197098  
-0.0025351  0.0015763  0.000739064  0.038481  0.0773009  0.175565  
-0.00272918  0.00165723  0.000525896  0.040511  0.0972941  0.200579  
-0.00222809  0.00176083  0.000597455  0.0423374  0.0733652  0.207193  
-0.0024592  0.00148931  0.000586032  0.04537  0.0678239  0.191518  
-0.00248273  0.0013331  0.000664317  0.0508054  0.0901935  0.213588  
-0.00248273  0.00176083  0.000660182  0.052596  0.0891957  0.213628  
-0.00245067  0.00128891  0.000696328  0.0538377  0.0856858  0.213581  
-0.0022961  0.0014174  0.000676725  0.0560189  0.0703733  0.162172  
-0.00232544  0.00165193  0.000833449  0.0560187  0.093387  0.244638  
-0.00216291  0.00176083  0.000911891  0.05001  0.0837027  0.233868  
-0.00255614  0.0014282  0.000726929  0.0525132  0.0924373  0.174837  
-0.00224231  0.00163883  0.000675176  0.0494262  0.102933  0.220961  
-0.00207316  0.00112603  0.000748529  0.0470649  0.082715  0.19242  
-0.00224231  0.0012646  0.000633224  0.0560444  0.0704254  0.191968  
-0.00224231  0.00150896  0.000633224  0.0392969  0.0885339  0.25102  
-0.00212304  0.00135099  0.000633224  0.045211  0.0704521  0.225439  
-0.00224231  0.00109124  0.000547316  0.0464941  0.0779202  0.189441  
-0.00224231  0.00128208  0.000633224  0.0446923  0.095479  0.246011  
-0.00224231  0.00128208  0.000633224  0.0446312  0.0830169  0.233485  
-0.00242501  0.00121055  0.000633224  0.0470156  0.0877157  0.220588  
-0.00254528  0.00128208  0.000633224  0.0448859  0.0893455  0.249666  
-0.00219375  0.00128208  0.000633224  0.0560377  0.0870861  0.237876  
-0.00248278  0.00128208  0.000633224  0.0452786  0.0773333  0.179845  
-0.00270529  0.00128208  0.000633224  0.0465702  0.069449  0.236556  
-0.00214516  0.00128208  0.000633224  0.0480202  0.0866318  0.213364  
-0.00187831  0.00128208  0.000633224  0.0560377  0.0696425  0.20529  
-0.00275608  0.00128208  0.000631643  0.0492676  0.115833  0.298145  
-0.00199087  0.00128208  0.000467196  0.0559933  0.0683509  0.217058  
-0.00258408  0.00153538  0.000433852  0.0559231  0.123504  0.289049  
-0.00198998  0.00151973  0.000421837  0.0520898  0.0751886  0.208993  
-0.00273332  0.00128208  0.000536236  0.0559882  0.115257  0.294065  
-0.00239141  0.00146733  0.00046921  0.0478633  0.0498431  0.221772  
