-0.000663688  -0  0  -4.32465e-10  0.0277082  -0.0642507  
-0.000673416  -0.000432287  -0.000115644  -0.011999  0.00927777  -0.0503446  
-0.000343362  -0.000343857  1.32349e-23  -0.0123104  0.0149176  -0.0499007  
-0.000522417  -0.00015852  0  -0.00674426  -0.00837629  -0.0421927  
-0.000652683  -0.000344894  0.000189428  -0.0111851  0.0117112  -0.0289136  
-0.000242814  -0.000389968  0  -3.44547e-05  0.000147564  -0.047223  
-0.000766039  -0.000389968  0  -3.44547e-05  -0.00281838  -0.0213136  
-0.000242814  -0.000389968  0  -3.44547e-05  -0.010335  -0.0408205  
-0.000465557  -0.000154593  1.32349e-23  -4.50667e-05  -0.00529753  0.0117405  
-0.00011004  -0.000283772  0  -5.61843e-05  0.00739276  -0.0293788  
-0.000579233  -0.000283772  0  -5.61843e-05  -0.0100701  -0.0198225  
-0.000154039  -0.00018417  -3.30872e-24  -0.00607291  0.00928241  -0.0277309  
-0.000242814  -0.000283772  0  -5.61843e-05  -0.00570869  0.0005192  
-5.68306e-05  -0.000188231  0  -5.84156e-05  0.0123026  -0.00846194  
-0.00015062  -0.000290536  0  -5.20646e-05  0.00767857  0.00848501  
-2.50058e-05  -0.000195673  0.000184238  -0.00893123  0.0123019  -0.0286578  
-6.60973e-05  -0.000195673  0  -6.36608e-05  0.000792337  0.00835618  
2.40381e-05  -0.000195673  0.000136285  -0.00518724  0.0123192  0.00212934  
-0.000165397  -0.000195673  -0.000110442  -5.77772e-05  -0.0113817  -0.00482768  
-0.000321074  0.000195675  0  -8.45193e-05  0.0123302  0.00247283  
-0.000154742  0.000264898  0  -2.43565e-05  -0.00208103  -0.00934754  
-0.000188784  -0.000194589  0.000198245  -0.0083047  0.0124004  0.0138148  
0.000132275  -4.42034e-05  0  -0.00610284  0.0124021  0.00291984  
-0.000401634  -8.43574e-05  0.000168454  -0.0106627  0.0318718  0.00947442  
0.000132275  -5.89617e-05  -8.35921e-05  -0.00366148  0.012401  -0.00798369  
-4.376e-05  5.73474e-05  0  -0.00623696  0.0123983  0.0212006  
0.000297264  8.12692e-05  0  -0.0101535  0.00087117  0.0180823  
0.000132275  3.51902e-05  0  -3.92854e-05  0.0124021  0.0374587  
0.000365106  6.41278e-05  0  -6.06858e-05  0.00351485  0.0211946  
1.43164e-05  6.41585e-05  0  -0.0112161  0.0213344  0.0345944  
0.000364181  -5.72418e-05  0  -7.37878e-05  0.0123807  0.00154822  
0.000242134  6.41279e-05  0.000144165  -0.0085667  0.0208335  0.0467103  
0.000410678  0.000415611  0  -7.22474e-05  0.0124465  0.0276905  
0.000242134  0.0001491  0  -0.016357  0.0199774  0.0587842  
0.000242134  2.58488e-05  0.000158543  -0.0122185  0.0124372  0.0316879  
0.000242134  0.000161718  6.72212e-05  -0.0134753  -0.00916019  0.0559204  
0.000452029  -5.59291e-05  0  -0.0118924  0.0124512  0.0289512  
0.000170925  0.00027011  6.34975e-05  -0.0169883  0.0056327  0.0539516  
0.000266394  -5.59291e-05  0  -0.014926  0.0124125  0.0104413  
0.000187492  0.000146683  3.30872e-24  -0.0102834  0.0161132  0.0384919  
0.000445202  -5.59291e-05  0.000110685  -0.0116875  0.0213626  0.00995646  
0.000204205  0.000278291  0.000125555  -0.0126612  0.0184845  0.0485202  
0.000461122  0.000121838  0.000190197  -0.0142271  0.0230658  0.021568  
6.68258e-05  0.000368142  0  -0.0132806  0.0123667  0.028538  
0.000461122  0.000368142  0  -0.0142264  0.0222784  0.0207005  
0.000404447  0.000368142  0  -0.01613  0.0123757  0.0418179  
0.000461122  0.000122815  0  -0.00460682  0.0247342  0.0165415  
0.00023688  0.000368142  0  -0.0163297  0.0193702  0.0341182  
0.000509911  -6.42108e-05  0  -0.00711834  0.0333807  0.00347856  
0.000194696  0.000368142  0  -0.0153777  0.0248372  0.036487  
0.000509911  0.000103706  0.000134794  -0.00972586  0.0214442  0.00119987  
0.000183686  0.000250223  0.000172874  -0.0171144  0.040896  0.0422505  
0.000700232  0.000137055  0.000132901  -0.0162607  0.0123809  0.0256199  
0.000212392  0.000368142  0  -0.0178817  0.0209465  0.0684631  
0.000729028  0.000368142  0  -0.0109643  0.0299929  0.0253842  
0.000221687  -1.0354e-06  7.81105e-05  -0.0165901  0.0234351  0.0443977  
0.000580484  0.000247382  0  -0.0126177  0.0296086  0.0109127  
0.00038891  0.000368142  0  -7.05323e-05  0.020214  0.0420677  
0.000629429  7.66666e-05  6.30607e-05  -0.0129334  0.0274855  -0.00342129  
0.000232767  2.26536e-05  0  -0.0148383  0.0316041  0.0291027  
0.000493368  5.26752e-05  6.38435e-05  -0.00323772  0.0270057  -0.0085287  
0.000130872  0.000148876  0  -0.016447  0.0358558  0.0191171  
0.000523146  3.85004e-05  -6.91564e-05  -0.011827  0.0360336  -0.00354467  
0.000505718  0.000368142  0  -0.0178212  0.0331297  0.0539372  
0.000551302  5.5679e-05  0  -0.0131321  0.0291249  0.0268482  
0.00049061  0.000368142  0  -0.0165191  0.0298193  0.0571558  
0.000910676  8.61504e-06  0  -0.0152932  0.0298312  0.0151964  
0.000551302  -4.19657e-05  0  -0.0168634  0.0298234  0.036575  
0.000766712  8.35944e-05  0  -0.0123638  0.0298208  0.00128709  
0.000551302  0.000269964  0  -0.0178574  0.0298234  0.0343904  
0.000768087  0.000550969  0.000392148  -0.0165913  0.0298414  0.0200463  
0.000422935  0.000124851  0.00039752  -0.0221923  0.0298234  0.0411239  
0.000564283  0.000550969  0.00039752  -0.0246012  0.0298121  0.0137424  
0.000446833  0.000550969  0.00039752  -0.0213426  0.0298098  0.0316285  
0.000564283  0.000143475  0.000239895  -0.0163927  0.0298087  -0.0155311  
0.000564283  0.000667483  0.00039752  -0.0230042  0.0298121  0.00976464  
0.000809382  0.0004943  0.00039752  -0.021875  0.0382023  -0.0101649  
0.000573533  0.000642967  0.000453422  -0.0244254  0.0421054  0.0147842  
0.00103752  0.000339055  0.00039752  -0.0234008  0.0298039  0.0148016  
0.000776906  0.000542954  0.00039752  -0.0215708  0.0298011  0.0271879  
0.00110291  0.000760067  0.00039752  -0.0103855  0.0297668  -0.00820048  
0.000666714  0.000485588  0.00039752  -0.0251699  0.029764  0.0267111  
0.000853861  0.000342562  0.00039752  -0.0210792  0.0152611  -0.0195938  
0.000351208  0.000342562  0.00039752  -0.026755  0.0250822  0.00810705  
0.000823099  0.000342562  0.00039752  -0.0217783  0.0361089  0.000819066  
0.000517714  0.000342562  0.00039752  -0.0219111  0.02444  0.0219461  
0.000692009  0.000342562  0.00039752  -0.018736  0.032068  -0.001558  
0.000518651  0.000342562  0.00039752  -0.0199361  0.0306381  0.02765  
0.000774961  0.000582722  0.00039752  -0.0175156  0.0350939  0.00820714  
0.000532559  0.000342563  0.00039752  -0.0241202  0.0369945  0.0336869  
0.000621751  0.000517745  0.000450563  -0.0241273  0.0428409  0.000497481  
0.000688999  0.000624273  0.00039752  -0.0276821  0.0335275  -0.0340734  
0.000387031  0.000342563  0.00039752  -0.0252112  0.0378735  0.0301168  
0.000825303  0.000342563  0.00039752  -0.0260242  0.0369678  0.0623253  
0.000757712  0.000342563  0.00039752  -0.0246234  0.0453495  0.0421883  
0.000769292  0.000547153  0.00039752  -0.0258472  0.0414564  0.0421831  
0.000825303  0.000309405  0.00039752  -0.0267796  0.0523101  0.0421853  
0.000931115  0.000309405  0.000147884  -0.0201675  0.0361362  0.0229935  
0.000746856  0.000309405  0.000469448  -0.026253  0.0585524  0.0555732  
0.000983757  0.000309405  0.000125216  -0.0227688  0.0446641  0.0186817  
0.000459579  0.000309405  0.00039752  -0.0269608  0.0455605  0.050893  
0.00100644  0.000257122  0.000183344  -0.0175751  0.0529612  0.0236459  
0.00050252  0.000240614  0.00039752  -0.0261926  0.0508784  0.0519663  
0.00124056  0.000309405  0.000239421  -0.0220933  0.0497651  0.0238172  
0.000336303  0.000309405  0.00039752  -0.0219777  0.0380903  0.0492528  
0.000863593  0.000309405  6.61872e-05  -0.0205935  0.0409059  0.0150816  
0.000747022  0.000309405  0.00039752  -0.0267745  0.0460478  0.0502152  
0.00122512  0.000141037  -1.44701e-06  -0.0205949  0.0499374  0.0202566  
0.000970919  -9.77238e-05  0.000274114  -0.0237991  0.045742  0.0452865  
0.001319  0.000135701  3.02997e-05  -0.0186419  0.053859  0.00668497  
0.00122121  0.000184991  7.78673e-05  -0.0230076  0.0444758  0.0534559  
0.0013758  8.1532e-05  -1.02291e-05  -0.0191238  0.0456224  0.0355944  
0.00161638  0.000231378  1.87349e-05  -0.0217665  0.0450695  0.0518983  
0.00147932  0.000237983  9.74663e-05  -0.0243441  0.0589967  0.0355668  
0.00166466  -0.000128944  -3.15674e-05  -0.0213632  0.0333997  0.0334929  
0.00143235  0.000221652  0.000142998  -0.0241661  0.0545189  0.049602  
0.00140586  0.000221652  -3.15673e-05  -0.0276955  0.0433232  0.0308845  
0.00122679  3.67663e-05  0.000143878  -0.0330901  0.0511523  0.0543285  
0.00165531  0.000221652  -0.000137833  -0.0272816  0.0491948  0.0105929  
0.00121079  0.000221652  0.000106149  -0.038195  0.0518028  0.0647922  
0.00151111  -0.000211338  -3.15673e-05  -0.0223649  0.0370407  0.0222319  
0.00145792  0.00015398  -3.15673e-05  -0.0360976  0.0612637  0.0406559  
0.00122303  7.41805e-05  -3.15674e-05  -0.0301061  0.0530301  0.0450795  
0.00140952  3.339e-05  -3.15674e-05  -0.0310428  0.0325878  0.0396382  
0.0012034  0.00018956  0.000197473  -0.0285617  0.0529317  0.0465631  
0.00140494  0.00018956  -3.15673e-05  -0.030441  0.0437599  0.0114813  
0.00145996  0.00018956  -3.15674e-05  -0.0241765  0.0572201  0.052546  
0.00174951  0.00018956  -3.15674e-05  -0.0271839  0.0517356  0.0343347  
0.00111453  0.00018956  0.00012926  -0.0282388  0.0704679  0.0451631  
0.00157635  0.000322663  -3.15674e-05  -0.0319276  0.0585596  0.0113245  
0.00128037  0.00018956  0.000296336  -0.034376  0.0711753  0.0428849  
0.00180842  0.00018956  -3.15673e-05  -0.0290276  0.058313  0.0177837  
0.00157115  0.00018956  0.000272472  -0.0381049  0.0621658  0.0600853  
0.00164517  0.00018956  3.09327e-05  -0.0265005  0.0490238  0.027777  
0.00158976  0.000256313  0.000103933  -0.0271385  0.0663131  0.0442648  
0.00145402  0.00018956  6.39084e-05  -0.0307061  0.0590463  0.00380738  
0.00117394  0.000362666  -0.000257346  -0.036242  0.0590256  -0.0109583  
0.0011585  0.000381775  -3.15674e-05  -0.0285393  0.0640067  -0.00980659  
0.00122873  0.000386845  -3.15673e-05  -0.0343161  0.0526422  -0.00252212  
0.00126115  0.00018956  0.000171028  -0.0235572  0.0590325  0.0141811  
0.00158507  0.000283083  -3.15673e-05  -0.0328246  0.0479545  0.0113242  
0.00157013  -6.04401e-05  -3.15674e-05  -0.0200187  0.0590239  0.0113316  
0.0015477  0.00018956  -0.000133557  -0.031584  0.0481341  0.00566103  
0.00154269  0.00018956  0.000108105  -0.0326076  0.0589975  0.011327  
0.00200505  0.00018956  -3.15674e-05  -0.0308235  0.0474792  0.0149379  
0.00163908  0.00018956  0.000125119  -0.0319113  0.0590045  0.0113265  
0.00190271  0.00018956  -3.15674e-05  -0.0313344  0.0589848  0.0113169  
0.00143517  0.000306388  0.000134212  -0.0345687  0.0678538  0.0113248  
0.00165455  0.00018956  -3.15673e-05  -0.0329629  0.0589387  -0.022251  
0.0013126  0.00018956  -3.15673e-05  -0.0437137  0.0589364  0.0181334  
0.00165437  0.00018956  -3.15673e-05  -0.0267076  0.0589047  -0.0226435  
0.00165437  0.00018956  -3.15673e-05  -0.0437137  0.0672597  0.029496  
0.00173059  0.00018956  -3.15673e-05  -0.0437137  0.0640094  -0.00115267  
0.00174586  0.00018956  0.000215818  -0.0395029  0.0744206  0.0365536  
0.00150662  0.000271501  -0.000172125  -0.0289577  0.0588647  -0.00855254  
0.0012583  0.00032888  -3.15674e-05  -0.0379795  0.0617155  0.0113868  
0.00166018  0.000132351  -3.15673e-05  -0.0290425  0.0588497  -0.0140433  
0.00145032  0.000252621  -3.15673e-05  -0.0309452  0.0588582  0.0223251  
0.00134804  0.00018956  -3.15673e-05  -0.0205089  0.0588407  -0.00816954  
0.00164869  9.02773e-05  -0.00018864  -0.029727  0.0588322  0.00156348  
0.00160972  4.42998e-05  -3.15673e-05  -0.02776  0.0673006  -0.00790364  
0.00149024  0.000118627  -0.000349558  -0.0270366  0.043661  -0.0119338  
0.0014633  0.000259433  -0.000125928  -0.0281833  0.0587887  -0.0160514  
0.00144013  0.000186744  -0.000229867  -0.0311636  0.0588169  -0.0420471  
0.00144443  0.000163438  -3.15673e-05  -0.0247096  0.0690137  -0.0241656  
0.00124356  -0.000128328  -3.15673e-05  -0.0201059  0.0588363  -0.115771  
0.000950309  0.000252075  -3.15674e-05  -0.0247183  0.0696697  -0.0744173  
0.0011546  -0.000230817  -0.000233521  -0.0130115  0.0588792  -0.127192  
0.00105045  -0.000230817  -3.15673e-05  -0.0179492  0.0587763  -0.0844574  
0.00112305  0.000123216  -0.000367514  -0.0200844  0.0696037  -0.13244  
0.000848216  0.000151497  -3.15673e-05  -0.0252766  0.0617479  -0.100468  
0.000927412  -0.000101737  -0.000244472  -0.0168632  0.0533758  -0.136299  
0.000684554  1.74266e-05  -3.15673e-05  -0.0184686  0.0607317  -0.110257  
0.000789755  0.000101634  -0.000361344  -0.0156159  0.0578698  -0.141377  
0.000708872  0.000222568  -3.15674e-05  -0.0204756  0.0661071  -0.127893  
0.000935956  0.000212487  -0.000245229  -0.00918564  0.0578568  -0.158923  
0.000521929  3.03215e-05  -3.15673e-05  -0.0171861  0.0578759  -0.142487  
0.000899872  -9.97135e-05  -0.00021087  -0.0101362  0.0578757  -0.169725  
0.000744542  -0.000275706  -3.15673e-05  -0.00943754  0.0879078  -0.146426  
0.000998577  -0.000297699  -0.000429691  -0.0109304  0.0764138  -0.169548  
0.000931944  -0.000228503  -0.000312037  -0.00934864  0.0991486  -0.152849  
0.000931944  -0.000233159  -0.000487972  -0.0125179  0.0840187  -0.165799  
0.000931944  -3.77282e-05  -0.000296969  -0.0145189  0.102203  -0.16229  
0.000931944  -0.000213915  -0.000487972  -0.0115549  0.0894677  -0.180323  
0.000825317  -0.000323732  -0.000342951  -0.0107493  0.102512  -0.157553  
0.00113757  -0.000169401  -0.000487972  -0.00738963  0.0810818  -0.173976  
0.000850858  -0.00024106  -0.000487972  -0.0212055  0.0810853  -0.145124  
0.00116816  -0.0001938  -0.000487972  -0.0182136  0.0810589  -0.175727  
0.000766762  8.68868e-05  -0.000487972  -0.0202777  0.0811195  -0.160289  
0.000979872  -8.10001e-05  -0.000487972  -0.0205027  0.0811834  -0.198418  
0.000807196  -0.00038165  -0.000392064  -0.0180086  0.0812166  -0.15279  
0.00100157  -0.000272399  -0.000487972  -0.019016  0.0811808  -0.192253  
0.00106906  -0.000451726  -0.000384678  -0.0172615  0.0992389  -0.148082  
0.000865209  3.3494e-05  -0.000487972  -0.0191256  0.0899969  -0.173064  
0.000885156  -0.00020941  -0.000487972  -0.0176047  0.0951643  -0.153819  
0.000856444  -4.89334e-05  -0.000487972  -0.0205544  0.0900159  -0.184475  
0.00102339  -4.62902e-05  -0.000487972  -0.0201625  0.0899789  -0.14806  
0.000953531  -2.67406e-05  -0.000487972  -0.0240975  0.0944359  -0.181104  
0.000901951  -0.000187158  -0.000487972  -0.0442388  0.0899923  -0.141072  
0.00416865  0.000333237  -0.00111104  -0.110365  0.0170731  -0.0480606  
0.00572607  0.000884202  -0.000936194  -0.139754  -0.0432116  0.106997  
0.00504673  0.00076784  -0.000936194  -0.137181  -0.0136871  0.0440975  
0.00503951  0.000327462  -0.001278  -0.131009  -0.0177269  0.0607051  
0.00525665  0.000218098  -0.000769493  -0.12333  0.0312013  0.0299991  
0.0054856  0.000218098  -0.00103769  -0.117668  0.0178478  0.0380879  
0.00510781  0.00078098  -0.000782524  -0.134246  0.044811  0.013254  
0.00516658  0.000687455  -0.00110635  -0.139677  0.0256264  0.0219126  
0.00484424  0.000761433  -0.000757396  -0.139698  0.0470026  0.0261634  
0.00521046  0.000608254  -0.00119795  -0.136641  0.0318335  0.0219635  
0.00508221  0.000788932  -0.000817836  -0.137242  0.0439293  0.0345549  
0.00529809  0.000745636  -0.00119795  -0.139631  0.0278126  0.0140872  
0.00491241  0.000575346  -0.00108937  -0.139635  0.0277714  0.0354178  
0.00508361  0.000745636  -0.00119795  -0.141653  0.0277578  0.00995827  
0.00507045  0.000941485  -0.00096  -0.14466  0.0438753  0.0408292  
0.00507045  0.000847135  -0.00119795  -0.139633  0.033062  0.0193882  
0.00537804  0.000745636  -0.00119795  -0.150267  0.0422734  0.0296847  
0.00560518  0.000745636  -0.00119795  -0.139631  0.0330649  -0.00227914  
0.00507045  0.000987435  -0.00131814  -0.156866  0.0529732  0.0182094  
0.0037489  0.000745636  -0.000719055  -0.13959  0.0467235  0.102697  
0.00326968  0.000745636  -0.000579987  -0.139587  0.0467054  0.0942564  
0.00275025  0.00108536  -0.000316633  -0.146716  0.0466707  0.140909  
0.00460625  0.000871444  -0.000768641  -0.139645  0.0636521  0.508171  
0.00420906  0.00109978  -0.000418372  -0.148551  0.0595336  0.610095  
0.00430766  0.000903465  -0.000768641  -0.152837  0.0605208  0.682451  
0.00479889  0.000909988  -0.000768641  -0.148848  0.0611326  0.658958  
0.00425702  0.00135858  -0.000768641  -0.174627  0.066157  0.62378  
0.00430766  0.00149756  -0.000703845  -0.159076  0.0604946  0.613272  
0.00384454  0.00133402  -0.000596489  -0.175391  0.0674432  0.581208  
0.00401528  0.00157362  -0.000768641  -0.159137  0.0566212  0.55746  
0.00345495  0.00192657  -0.000768641  -0.159325  0.0636626  0.573687  
0.00366847  0.00156994  -0.000768641  -0.172297  0.0473931  0.604667  
0.00354745  0.00192657  -0.000768641  -0.168973  0.0633015  0.56589  
0.00366847  0.00188091  -0.000542831  -0.176952  0.0689059  0.578828  
0.0036639  0.00194026  -0.000696405  -0.179613  0.0696638  0.582222  
