0.00194951  -0.000854407  5.58337e-05  0.0496057  -9.38198e-05  -0.0351327  
0.00163217  -0.000892513  0.000421937  0.035283  0.0217101  -0.022804  
0.00163498  -0.00108293  0.000207533  0.0297814  -0.0311053  -0.0666779  
0.00129855  -0.00102498  0.000208523  0.0223699  0.000510939  -0.0145269  
0.00146195  -0.000463774  0.000573379  0.0164821  0.0143294  0.00194536  
0.00147793  -0.000463774  0  0.0253341  -0.0394395  -0.0583853  
0.00186484  -0.000463774  0  0.0148453  -0.0199091  -0.0718693  
0.00108013  -0.000389063  -5.29396e-23  0.0117139  0.0229363  -0.0177748  
0.000956381  -0.00027798  0  0.0112819  -0.0119284  -0.0585424  
0.000659359  -0.000277978  -5.04755e-05  -0.00240898  -0.0119288  -0.0199871  
0.000407521  -0.000228439  0.000107489  0.00580579  0.0133861  0.0477397  
0.00071016  -0.000140807  -8.46188e-05  0.00279453  -0.0316525  -0.0314248  
0.00071016  -0.000311095  0  0.00305253  0.0030976  -0.0166758  
0.000411955  -0.000183186  0  -0.00246931  -0.00557009  0.00433411  
0.00071016  -4.01231e-05  -6.41562e-05  0.00461831  -0.0165008  -0.0151557  
0.000431257  -5.58699e-06  6.55225e-05  0.00171525  0.005883  0.000107281  
0.000296449  -0.000364443  -9.27274e-05  0.00539252  -0.0035567  -0.00387034  
0.000164588  -0.000125736  0  0.00330883  -0.00161216  -0.00603749  
-1.40042e-05  -0.000100515  0  -0.00509179  0.000998873  0.00434997  
0.000288312  -0.000137282  0  0.001758  -0.0117235  -0.01842  
-0.000103466  0.000208654  0  0.00176586  -0.00351967  0.00437381  
0.000234019  0.000208654  0  0.00176586  -0.0073724  -0.0129281  
-0.000137254  4.52988e-06  0  0.00175909  -0.00736007  -0.0402329  
7.01804e-05  0.000208654  -6.57197e-05  0.00176485  -0.00736612  -0.012525  
0.000683705  -1.65583e-05  0  0.00175905  -0.00738601  -0.0553369  
0.000449782  0.000208654  0  0.00176586  0.0176589  -0.0186734  
0.000492688  -0.000264673  0  0.00174004  -0.00738651  -0.0125249  
0.000972356  -7.89602e-07  0  0.00175057  -0.00742631  -0.0566449  
0.000539422  -5.69468e-05  0  0.00520419  -0.00739507  -0.0578146  
0.000693715  -0.000319003  0  0.0017384  -0.00740597  -0.076356  
0.000526012  -0.000128818  0  0.00175535  -0.00740074  -0.0485027  
0.00133272  2.63977e-05  0  0.00375986  -0.00744181  -0.0631298  
0.00146623  -0.000213378  8.7772e-05  0.00174287  -0.0074497  -0.0632241  
0.000910353  -0.000213378  -6.95985e-05  0.00174766  -0.00742332  -0.0485371  
0.00117755  -0.000143261  0  0.00175039  -0.0241255  -0.0715813  
0.000906576  -0.000213378  0  0.00174453  -0.0201437  -0.0637173  
0.00117755  -0.000143261  2.64698e-23  0.00175502  -0.0272101  -0.0925746  
0.000954759  -5.1023e-05  0  0.00175952  -0.015124  -0.0733697  
0.00146108  -0.000118414  0  0.00175363  -0.0205501  -0.0925692  
0.00128504  -0.000110548  -8.53845e-05  0.00176  -0.0231062  -0.102109  
0.000933088  -0.000162509  -2.64698e-23  0.00175234  -0.0133149  -0.102612  
0.00115514  -0.000213377  -0.000265009  0.00173769  -0.00499691  -0.122775  
0.000713395  8.7297e-05  0  -0.010517  0.0338135  -0.00409046  
0.00160216  3.36452e-05  0.00030994  0.00174541  0.110908  0.147373  
0.00188089  0.000203905  0  0.00184797  -0.0355291  -0.16247  
0.00167931  7.60321e-05  -0.000114461  0.00177798  0.0177178  -0.11263  
0.00141142  -6.22327e-05  1.32349e-23  0.00176461  0.0170081  -0.0897645  
0.00150157  4.40156e-05  -0.000121014  -0.00119288  0.0170143  -0.0760473  
0.00110517  2.09439e-05  -0.000122431  0.0017875  0.0170412  -0.0682268  
0.00101072  0.000132455  -0.000142968  0.00179504  0.000222329  -0.0682396  
0.000570034  0.00016736  -0.000180047  -0.00129902  0.00371288  -0.0682431  
0.000862738  0.000138862  -0.000140321  0.00178625  -0.00204547  -0.0682382  
0.000283129  0.000246384  0.000149115  -0.0089296  0.0194165  -0.0169711  
0.00117878  5.9793e-05  -0.000128472  0.00174857  -0.00222753  -0.10051  
0.00087036  5.09206e-05  -0.000189102  0.00174785  -0.00217085  -0.100516  
0.00104434  0.000136127  -0.000131837  0.00175497  -0.00220779  -0.114074  
0.000853252  -1.04793e-05  -0.000200874  0.00173143  -0.00218015  -0.0962571  
0.00117878  -0.000150474  -0.000425749  0.00172307  -0.00222499  -0.100515  
0.00117878  0.000476773  -0.000193145  -0.0172722  0.0334662  -0.0381967  
0.00112447  0.000232715  -0.000286586  -0.00563846  -0.0201015  -0.109062  
0.000614371  0.000218108  -0.000425749  -0.0100036  -0.0124767  -0.0862592  
0.000757377  0.000476773  -0.000369237  -0.0145831  0.00833539  -0.0820453  
0.000685033  0.000181342  -0.000272423  -0.00924063  -0.0319876  -0.103122  
0.00109529  0.000313328  -0.000308672  -0.0108682  -0.0201038  -0.118321  
0.000757377  0.000176047  -0.000280396  -0.0189238  -0.0200532  -0.10142  
0.000623184  7.68889e-05  -0.000298921  -0.0119402  0.000908782  -0.0896663  
0.000580052  4.63498e-05  -0.000324557  0.00174498  -0.0200383  -0.091343  
0.000243539  7.32176e-05  -0.00042575  -0.00737186  -0.00851646  -0.0758012  
0.000401589  7.336e-05  -0.000348048  0.00174327  -0.02002  -0.0787917  
0.000284968  0.000266421  -0.00042575  -0.00334128  -0.0200077  -0.0819782  
0.000360927  0.00013094  -0.00042575  -0.00766932  -0.020012  -0.0780139  
0.000334359  6.95561e-05  -0.00042575  0.00174878  -0.0200117  -0.0966089  
8.78626e-05  0.000132377  -0.00042575  -0.0111654  -0.0199915  -0.0785835  
0.00041948  0.000143554  -0.000311497  -0.00597443  -0.0200365  -0.0973876  
-0.000169426  0.000174502  -0.000345748  -0.0116424  -0.0199725  -0.0974107  
0.00041948  -2.89816e-07  -0.00042575  -0.00542691  -0.0200388  -0.0995992  
-4.24893e-05  0.000116814  -0.00034728  -0.0117232  -0.0139082  -0.0899708  
0.00041948  9.65611e-05  -0.00042575  -0.00805665  -0.0200388  -0.0856736  
-3.06384e-05  9.71376e-05  -0.00042575  -0.0101677  -0.00228739  -0.102317  
-5.56131e-05  7.33689e-05  -0.00042575  -0.0096137  -0.0199836  -0.0935465  
-9.43455e-05  0.000105236  -0.000609557  -0.00435209  -0.00882764  -0.0773532  
-0.000407542  0.000141426  -0.00042575  -0.00680558  -0.0199822  -0.0787065  
-0.000407542  1.63774e-05  -0.00042575  -0.00915199  -0.0199822  -0.0749686  
-0.000407542  0.000164395  -0.00042575  -0.00883093  -0.0199822  -0.0821111  
-0.000468935  0.000476773  -0.00042575  -0.0142743  -0.0167424  -0.0541099  
-0.000136492  0.000138395  -0.00042575  -0.00828023  -0.0252436  -0.0658477  
-0.000407542  0.000180026  -0.00042575  -0.00366846  -0.0117618  -0.0872254  
-0.000407542  0.000229729  -0.000323582  -0.00770929  -0.0168222  -0.0823422  
-5.29223e-05  0.00015329  -0.000349333  -0.00454312  -0.0200219  -0.103452  
-0.000407542  0.000386875  -0.00042575  -0.0102252  -0.0023449  -0.0968865  
-4.21062e-05  0.000264107  -0.00042575  -0.00512982  -0.020014  -0.0904836  
-0.000115254  0.000152678  -0.00042575  0.00176458  -0.0200054  -0.0996102  
-0.000235482  0.000242687  -0.00042575  0.00177312  -0.0199948  -0.070943  
0.000112773  0.000131219  -0.000368574  0.00176139  -0.0200227  -0.0996374  
-0.000407542  0.000364063  -0.00042575  0.00177963  -0.00525863  -0.0889893  
1.84117e-05  0.000141515  -0.000357585  0.00175867  -0.0163197  -0.0923708  
-0.000134892  0.00020742  -0.00042575  0.00175336  -0.00688755  -0.109018  
-0.00020917  0.000178941  -0.00042575  -0.0087137  -0.0158641  -0.102114  
0.000141146  0.000266424  -0.000309802  0.00176131  -0.0200425  -0.102098  
0.000327818  0.000177339  -0.000491726  -0.00597236  0.0105377  -0.0173277  
0.00063908  6.21077e-05  -0.000425751  -0.00630232  -0.0378702  -0.114143  
0.000261978  4.80723e-05  -0.000425751  -0.0139491  0.00741727  -0.0525816  
0.000551388  0.000476772  -0.000425751  -0.0137312  -0.00303914  -0.0692717  
0.000273428  0.000180517  -0.000425751  -0.0163305  -0.0327348  -0.0883429  
0.000692726  0.000410752  -0.000425751  -0.0168466  -0.00260561  -0.0883245  
0.000347961  0.000283593  -0.000550492  -0.0261002  -0.0170671  -0.0465787  
0.000640414  0.000289858  -0.000425751  -0.0168379  -0.0120291  -0.0872601  
0.000190165  0.000351569  -0.000425751  -0.0168296  -0.0155942  -0.0529688  
0.000347961  0.000336451  -0.000425751  -0.0168316  -0.0122522  -0.0649911  
0.000347961  0.000266288  -0.000425751  -0.0168357  -0.0176297  -0.0535431  
0.000347961  0.000269483  -0.000425751  -0.0168465  -0.0233865  -0.0778614  
0.000347961  0.000275557  -0.000425751  -0.0168546  -0.00561537  -0.0672764  
0.000347961  0.000506295  -0.000425751  -0.0168294  -0.0266368  -0.0899459  
0.000347961  0.000565417  -0.000425751  -0.0168237  -0.011751  -0.0752157  
0.000347961  0.000256567  -0.000425751  -0.00864681  -0.0378765  -0.0926827  
0.000347961  0.000300444  -0.000425751  -0.0168341  0.000847525  -0.0575073  
0.000347961  0.000299389  -0.000425751  -0.0145638  -0.0254917  -0.096801  
0.000559334  0.000380827  -0.000508067  -0.0141712  -0.00536438  -0.0823602  
0.000694424  0.000196235  -0.000425751  -0.0125996  -0.0215395  -0.0913871  
0.000240642  0.000204845  -0.000532776  -0.0131058  -0.0205406  -0.105856  
0.000347961  0.000309078  -0.000425752  -0.0168582  -0.00834288  -0.0989655  
0.000347961  0.000205967  -0.000425752  -0.0168779  -0.0378765  -0.137845  
-3.58075e-05  0.000118999  -0.000425752  -0.0168892  0.0028149  -0.112144  
0.000459172  0.000565417  -0.000425752  -0.0113999  -0.0258947  -0.13111  
0.000247269  0.000565416  -0.000425752  -0.0168237  0.00136806  -0.112862  
0.000652274  0.00033376  -0.000425752  -0.0168507  -0.020767  -0.112862  
0.000367013  0.000441785  -0.000425752  -0.0168398  -0.011182  -0.133281  
0.000146932  0.000295395  -0.000425752  -0.016859  0.00209918  -0.104309  
0.000586156  0.000565416  -0.00036214  -0.0168236  -0.0102418  -0.146751  
0.000213945  0.000159778  -0.000425752  -0.0168798  -0.0199433  -0.120128  
0.000374575  0.000277538  -0.000343815  -0.00275425  -0.0179567  -0.139436  
-0.000329934  0.000431317  -0.000425752  -0.0176655  -0.0050231  -0.150404  
0.000243905  0.000114561  -0.000425752  -0.0155092  -0.0511051  -0.221497  
0.000150396  0.000260928  -0.000345952  -0.0174489  -0.00206426  -0.155937  
0.000302754  0.000331779  -0.000425752  -0.0138305  -0.0305792  -0.162545  
0.000459905  0.000196791  -0.000112025  -0.0128965  -0.0304105  -0.187256  
0.000338659  0.000173194  -0.000425752  -0.00630611  -0.0209553  -0.160459  
0.0006553  0.000184683  -0.000425752  -0.0117234  -0.0326702  -0.14503  
0.000414442  0.000208431  -0.000425752  -0.00878068  -0.0326384  -0.140507  
0.000183875  0.000286399  -0.000425753  -0.014527  -0.0376989  -0.159936  
0.00129827  0.00020891  -0.000425753  -0.0086166  -0.0500471  -0.191612  
0.00064049  0.000151652  -0.000425753  -0.00680618  -0.0295129  -0.169914  
0.00114651  9.34863e-05  -0.000425753  0.00296135  -0.0393869  -0.19524  
0.000729024  0.000223167  -0.000298712  -0.0048392  -0.00891903  -0.188195  
0.00114651  4.96352e-05  -0.000425753  -0.0069623  -0.0309977  -0.165373  
0.00114651  0.000135567  -0.000425753  -0.00379122  -0.0341911  -0.200178  
0.000646339  0.000207242  -0.000425753  0.00298695  -0.0137893  -0.181427  
0.00103211  0.000179806  -0.000305292  0.00296867  -0.0343096  -0.217354  
0.000681122  0.000249284  -0.000350638  -0.00621494  -0.0172365  -0.203933  
0.000636923  0.000179371  -0.000310294  -0.0075856  -0.0311425  -0.184698  
0.000843275  0.000125188  -0.000425753  0.00297495  -0.0381581  -0.202651  
0.00044927  0.000203811  -0.000425753  -0.00658746  -0.0281996  -0.175796  
0.000979293  0.000304477  -0.000425753  -0.00744252  -0.0367893  -0.196347  
0.000689822  0.000610563  -0.000425753  -0.00465173  -0.0193419  -0.181859  
0.000780565  0.000238006  -0.000425753  -0.00934975  -0.0274051  -0.192986  
0.000914361  0.00025386  -0.000425753  -0.00640331  -0.0297668  -0.211864  
0.000662505  0.000253121  -0.000425753  -0.0056005  -0.0168089  -0.198409  
0.00084241  0.000116992  -0.000425753  -0.00865842  -0.0223264  -0.198404  
0.00083726  0.000145217  -8.20886e-05  0.00296955  -0.0136451  -0.222394  
0.000565412  0.000195016  -0.000425753  -0.00491131  -0.0124448  -0.187932  
0.000612772  0.000127027  -0.000425754  0.00297473  -0.0233771  -0.183192  
0.000517039  0.000206494  -0.000425754  -0.0070952  -0.0285132  -0.207245  
0.00051235  0.000205657  -0.000425754  -0.0081009  -0.0233519  -0.188166  
0.000565532  0.000307457  -0.000425754  0.00301305  -0.0233628  -0.188163  
0.000337956  0.00024082  -0.000425754  -0.00555238  -0.0233354  -0.188164  
0.00033159  0.000355647  -0.000425754  -0.00609011  -0.0233401  -0.188148  
0.000599777  0.000196433  -0.000425754  -0.00481956  -0.0233949  -0.188146  
0.000383646  0.000199408  -0.000364585  -0.0111339  -0.0109693  -0.182317  
0.000578298  0.000213569  -0.000425754  -0.00477694  -0.0233889  -0.194388  
0.000417382  0.000152369  -0.000352578  -0.0132791  -0.0233385  -0.19848  
0.000247577  0.000123319  -0.000425754  -0.0132004  -0.0233041  -0.194348  
0.00045819  0.000206607  -0.000425754  -0.0131926  -0.0233658  -0.219506  
-2.93166e-05  0.000251946  -0.000425754  -0.0131826  -0.0184263  -0.215669  
0.000558976  0.000243794  -0.000425754  -0.0131886  -0.0233898  -0.222886  
0.000134733  0.000610563  -0.000425754  -0.0130965  -0.0232827  -0.237541  
0.000100713  0.000293511  -0.000425754  -0.0131764  -0.0232743  -0.206075  
0.000471005  0.000109112  -0.000425754  -0.00492702  -0.0289761  -0.234127  
-6.14994e-06  0.000301582  -0.000425754  -0.0131738  -0.0195034  -0.236346  
0.000367633  0.00024273  -0.000425754  -0.0131725  -0.0233502  -0.208293  
0.000142815  0.000202427  -0.000425754  -0.0107819  -0.0487093  -0.238816  
-7.85511e-05  0.000270901  -0.000425755  -0.0132028  -0.0326997  -0.238812  
0.000121314  0.000258064  -0.000425755  -0.00639296  -0.0258502  -0.25322  
-0.0002782  0.000286416  -0.000425755  -0.013175  -0.0233813  -0.223769  
0.000223831  0.000214705  -0.000425755  -0.00833305  -0.0563293  -0.215795  
-0.000110181  0.00027653  -0.000327329  -0.0131763  -0.0189855  -0.215797  
-1.86051e-05  0.000198429  -0.000425755  -0.0131837  -0.0406838  -0.191232  
0.000223831  0.000219378  -0.000425755  -0.0111289  -0.028461  -0.213858  
-0.000252267  0.000181514  -0.000425755  -0.0131918  -0.0296517  -0.190502  
8.97161e-05  0.000213587  -0.000425755  -0.00793894  -0.0473587  -0.204063  
-0.000206688  0.000266781  -0.000425755  -0.013169  -0.0273838  -0.202756  
5.79879e-05  0.000141575  -0.000425755  -0.013198  -0.0392852  -0.192446  
5.67466e-06  0.000258246  -0.000425755  -0.0131828  -0.0419312  -0.221441  
4.43611e-05  0.000255205  -0.000200317  -0.00553986  -0.0244302  -0.197572  
0.000410558  0.000359108  -0.000425755  0.00356697  -0.029368  -0.206334  
-0.000185319  0.000364689  -0.000319936  -0.0212377  -0.0145446  -0.208704  
0.000358075  0.000253605  -0.000425755  -0.00701883  -0.0174904  -0.203577  
4.69307e-06  0.000203811  -0.000347111  -0.00915167  -0.00583484  -0.216186  
-2.22551e-05  0.000294114  -0.000425755  -0.0132066  -0.0220742  -0.209706  
0.000304179  0.000255424  -0.000425755  -0.00926486  -0.0246334  -0.230514  
5.78208e-05  0.000270042  -0.000425755  -0.0124449  -0.0104529  -0.20977  
0.000228025  0.000462907  -0.000425755  -0.0142929  -0.02534  -0.202822  
0.000159037  0.000389918  -0.000303597  -0.0132087  -0.0102842  -0.18784  
0.00012596  0.000209543  -0.000336203  -0.0150596  -0.0212087  -0.189829  
0.000282327  0.000252523  -0.000425755  -0.0103391  -0.0189164  -0.211813  
-9.76099e-05  0.000234485  -0.000359128  -0.0136746  -0.0346765  -0.207799  
-6.31706e-06  0.000205341  -0.000425756  -0.0136919  -0.0562909  -0.233815  
-0.000274589  0.000610564  -0.000425755  -0.0135675  -0.0265331  -0.20588  
-2.17305e-05  0.000203588  -0.000580466  -0.0226808  -0.0752132  -0.231738  
-0.000484598  0.000473066  -0.000425756  -0.0156809  -0.0263463  -0.231762  
8.88978e-05  0.000278902  -0.000425756  -0.0136558  -0.0463333  -0.224425  
-8.37134e-05  0.000421015  -0.000326957  -0.0136088  -0.0196954  -0.219122  
-8.2723e-05  0.00025585  -0.000372028  -0.013652  -0.0319367  -0.203521  
-5.17351e-05  0.000329938  -0.000425756  -0.0136384  -0.0327601  -0.218028  
-0.000210421  0.000285102  -0.000425756  -0.013656  -0.0462505  -0.218037  
-0.00033234  0.000404338  -0.000425756  -0.0263922  -0.0277984  -0.243967  
0.000591459  0.000454274  -0.00049528  -0.0372072  -0.0429354  -0.279832  
0.000252915  0.000610564  -0.000622574  -0.0279803  -0.0373461  -0.239703  
0.000591459  0.000375068  -0.000610011  -0.0156531  -0.0307752  -0.260992  
0.000151705  0.000393424  -0.000425756  -0.0321295  0.00377098  -0.19797  
0.00112278  0.000473922  -0.000425756  -0.0204191  -0.0215523  -0.227896  
0.000967179  0.000654259  -0.000425756  -0.015576  -0.0215022  -0.235639  
0.000658516  0.00041453  -0.000501407  -0.0188067  -0.0106854  -0.23437  
0.000939205  0.000472049  -0.000425756  -0.0156162  -0.0215127  -0.227904  
0.00129217  0.000717645  -0.000425756  -0.0155522  -0.00941334  -0.251379  
0.000758062  0.000378625  -0.000425756  -0.022087  0.00399647  -0.226781  
0.00102927  0.000390077  -0.000425756  -0.0156419  -0.0215853  -0.246875  
0.000595781  0.000462941  -0.000533099  -0.0279578  -0.0214997  -0.214226  
0.000763787  0.000588266  -0.000648156  -0.0231094  -0.0384636  -0.230958  
0.000230336  0.000577487  -0.000425756  -0.0264704  -0.00245016  -0.227138  
0.000150733  0.000717645  -0.00064593  -0.0301801  -0.0210969  -0.214218  
-0.000442744  0.00037607  -0.000425756  -0.0282918  -0.0147853  -0.214231  
-0.000219497  0.000717645  -0.000605085  -0.0299141  -0.034196  -0.214243  
-0.00017379  0.000600701  -0.000425756  -0.0155834  -0.0382286  -0.232977  
-0.000260874  0.000676644  -0.000508827  -0.0205083  -0.0320486  -0.223317  
