-0.000417978  -0  0.000678833  0.0735551  0.0161525  -0.00704082  
0  -0  0.00053818  0.0523255  -5.74784e-05  -0.019399  
0.000334344  0.000513623  0.00053818  0.0455809  0.012501  -0.0169453  
-0.000142239  0.000637328  0.000644468  0.0422244  0.0252962  -0.0301992  
-0.000613899  0.000450981  0.000108386  0.032217  0.0540251  -0.0218719  
-0.000708846  0.000799177  0.000108386  0.0202379  0.0399547  0.01859  
-0.000148787  0.000387508  0.000183746  0.00445543  -0.0173569  -0.0161371  
-0.00023358  0.000576848  0.000108386  -0.00781178  0.0071093  -0.0249321  
-0.000117863  0.000303057  0.000264926  -0.00778748  0.00512851  -0.0219235  
0.000297765  4.20871e-23  0.00077637  0.00441968  -0.0173748  -0.0249023  
-9.06356e-05  0.000114295  0.000405461  0.00443353  -0.0173527  -0.029097  
-0.000177439  0.00020924  0.000141303  -0.0155134  -0.00335044  -0.0287948  
-0.000358759  4.91726e-24  4.53538e-05  0.0044432  -0.00956485  -0.0203171  
-0.000595193  0.000330923  5.1498e-05  0.0044393  -0.0173588  0.000941883  
-0.000583673  0.000356675  0.000386823  0.0323395  -0.0173533  -0.0268906  
-0.000646811  0.000398131  0.000678552  0.0323585  0.0384102  -0.0341725  
-0.000302668  0.000357043  0.00031753  0.0323396  0.00526371  -0.0115114  
6.05125e-05  0.000546508  0.00031753  0.0267421  0.0141581  0.000269638  
2.55213e-05  -1.07583e-24  0.00031753  0.0230939  0.0218571  -0.0169813  
2.55213e-05  0.000294016  2.19373e-05  0.00302738  0.0141671  -0.0148707  
2.55213e-05  0.000164546  -8.37829e-05  -0.00109817  -0.0108392  0.000252825  
2.55213e-05  -0.000183253  -0.000126317  0.000922976  0.0141609  0.0180307  
-0.000838866  -0.000421364  0.00031753  0.020511  0.0415353  -0.00961213  
-0.000516279  -0.000421364  0.00031753  0.020511  0.0141797  0.000303189  
-0.000316867  -0.000421364  0.00031753  0.0286421  0.00233504  -0.0210054  
-0.000516279  -0.000421364  0.00031753  0.020511  0.0203272  -0.0107453  
-0.000516279  -0.000556605  0.000764235  0.0317377  0.000827687  -0.0217845  
-0.000516279  -0.000421364  0.000927101  0.0431901  -0.0153533  -0.0150575  
-0.000440665  -0.000635341  0.000962805  0.0440236  0.00772088  -0.0299794  
-0.000516279  -0.000417449  0.000911561  0.0313656  -0.00864988  -0.0212777  
-0.000516279  -0.000134689  0.000827438  0.00695485  0.0036491  -0.0212816  
-0.000120812  -0.000215374  0.000693311  0.00692371  -0.0212464  0.00874434  
-0.000278867  7.84924e-05  0.000255516  0.0246149  -0.0116183  0.00872537  
-0.000816237  -0.00083374  3.76461e-05  -0.00986058  -0.0419146  0.00869434  
-0.000490941  -0.00083374  0.000866512  0.0502291  -0.0516586  -0.0255554  
1.78715e-05  -0.000305615  0.000820484  0.0541819  -0.0516468  0.0028571  
0.000328789  -0.00083374  0.000935594  0.0605157  -0.020275  -0.0330678  
-7.01542e-06  -0.000289804  0.000820484  0.0478104  -0.03756  -0.00778654  
7.35421e-05  0.000127023  0.00056279  0.0328701  -0.0213369  -0.000272248  
0.000236769  0.00018124  0.00033443  0.0203655  0.00332783  -0.00780157  
3.4387e-06  0.000363812  0.000703518  0.0203664  -0.0213536  -0.0229402  
-0.00021409  0.00018124  0.000820484  0.020364  -0.0169012  -0.0153841  
0.000241312  -5.16739e-06  0.000820484  0.0203581  -0.0477224  -0.0123056  
0.000132865  -0.000822471  0.000820484  0.0505641  -0.0200221  -0.0301385  
-0.000490941  -0.000384998  0.000820484  0.0596999  0.00260067  -0.0409816  
0.000249493  -0.000713421  0.00120752  0.0739312  -0.0375063  -0.0215102  
-0.000215662  -0.000713421  0.00115913  0.0596412  -0.00414207  -0.0300287  
-0.000778095  -0.000163392  0.00115913  0.0596744  0.00599732  -0.0419851  
-2.26712e-05  -0.000392425  0.00148104  0.0879722  -0.0260356  -0.0262428  
0.00017625  -0.000501378  0.0015146  0.0971441  -0.0288042  -0.0596541  
-0.000162336  -0.000977558  0.00249205  0.133765  -0.0213335  -0.0672845  
-0.000270167  -0.000951411  0.002018  0.120131  -0.0464337  -0.0311634  
-9.80128e-05  -0.0012025  0.00203484  0.127013  -0.0301818  -0.0535787  
0.000332677  -0.00152477  0.00257948  0.168024  -0.0236533  -0.0696787  
0.000280157  -0.0016669  0.00288005  0.179553  -0.0466552  -0.0509145  
9.87839e-05  -0.00196015  0.00368415  0.21227  -0.0301736  -0.072494  
-0.000378957  -0.00146612  0.00345077  0.181925  -0.00477036  -0.10166  
0.00096769  -0.00109735  0.00259657  0.156582  -0.0233466  -0.0685866  
0.000940735  -0.00139044  0.00311707  0.181968  -0.0234898  -0.103669  
0.000381346  -0.00139044  0.00313074  0.168177  -0.0234825  -0.0571547  
0.00104127  -0.0016857  0.0031198  0.165918  -0.0581485  -0.0693065  
0.000900744  -0.0017921  0.0031198  0.170489  -0.0365943  -0.0872661  
0.00082647  -0.00197817  0.0031198  0.152765  -0.0235344  -0.0793179  
0.000514373  -0.00213902  0.0028267  0.136596  -0.0234997  -0.0368778  
0.000250722  -0.00189845  0.00271515  0.140405  -0.0317768  -0.0368233  
0.000370836  -0.00253091  0.00271596  0.145706  -0.0139528  -0.0369536  
0.000997009  -0.00247671  0.00263589  0.119328  -0.05031  -0.0369612  
0.00102586  -0.00269708  0.00270905  0.139311  -0.014981  -0.0669109  
0.000599814  -0.00220904  0.00303488  0.169391  -0.0112079  -0.0577943  
0.000942166  -0.00220904  0.00311742  0.160084  -0.0537144  -0.036912  
0.00111078  -0.00114949  0.00224642  0.103916  -0.0494935  -0.0720987  
0.00143703  -0.00176546  0.00100155  0.0487862  -0.0239193  -0.06352  
0.000725054  -0.000802866  0.00142349  0.0880154  -0.0259397  -0.0227252  
0.000983499  -0.00103747  0.00142349  0.0808058  -0.0492444  -0.0489633  
0.00122771  -0.00103747  0.00161946  0.0771298  -0.0427723  -0.0371796  
0.00122771  -0.00147613  0.0017624  0.0963479  -0.0492839  -0.0432196  
0.00166945  -0.00147613  0.00185551  0.0741159  -0.0827864  -0.0332152  
0.00153202  -0.00193554  0.00208061  0.0817814  -0.03759  -0.0383937  
0.00122771  -0.00194371  0.00208061  0.0817679  -0.0275741  -0.0152219  
0.00176786  -0.00190645  0.00163601  0.0388099  -0.0740559  -0.0383297  
0.00176786  -0.00232102  0.00169692  0.0387686  -0.0432082  -0.0530783  
0.00220569  -0.0024353  0.00163601  0.00918724  -0.0752741  -0.0541548  
0.00206291  -0.00301039  0.00163601  0.020071  -0.0418424  -0.0637701  
0.001234  -0.00291489  0.00201405  0.0387084  -0.0477694  -0.0573485  
0.00188976  -0.00323421  0.00200592  0.0566393  -0.0603698  -0.106919  
0.00127861  -0.00310183  0.00200592  0.0612144  -0.0208644  -0.0698997  
0.00156062  -0.00282318  0.00148557  0.0208124  -0.0440674  -0.0451484  
0.00182948  -0.0029193  0.00148557  0.0401934  -0.0440692  -0.0453695  
0.00103824  -0.00281197  0.00148557  0.0309061  -0.0281406  -0.0134634  
0.00161583  -0.00271104  0.00148557  0.0280641  -0.0439988  -0.0218993  
0.00161583  -0.00231317  0.00148557  0.0401953  -0.0245811  -0.0426652  
0.00127512  -0.00231317  0.00184431  0.0330275  -0.044039  -0.0233621  
0.00203967  -0.00275535  0.00200377  0.0401633  -0.0852957  -0.0258635  
0.00105856  -0.00231317  0.00196372  0.0401209  -0.0368231  -0.0191076  
0.00140281  -0.00231317  0.00196372  0.0401209  -0.0521699  -0.0312946  
0.00207859  -0.00231317  0.0018526  0.0278935  -0.0784618  -0.0278153  
0.00149221  -0.00191912  0.00152075  0.00919897  -0.0475957  -0.0340092  
0.0015731  -0.00181328  0.00132248  -0.010319  -0.0388943  -0.000907357  
0.00207202  -0.00184273  0.00132248  -0.00740122  -0.0614154  -0.00928759  
0.00223852  -0.00223637  0.00132248  -0.000589118  -0.0741026  -0.0523663  
0.00224792  -0.00223637  0.00132248  -0.000589117  -0.0621914  -0.0262825  
0.00190457  -0.00223637  0.00163446  0.00798693  -0.0762639  -0.0118702  
0.00211603  -0.00261035  0.00167854  0.00616019  -0.0578294  -0.046746  
0.00171787  -0.00292868  0.00163909  0.0121855  -0.0337848  -0.030272  
0.0018828  -0.00280129  0.00173063  -0.000666845  -0.0864466  -0.0378604  
0.00206309  -0.00300613  0.00183716  0.012754  -0.0496319  -0.0776964  
0.00206336  -0.00322078  0.00201809  0.0471556  -0.0551581  -0.0473113  
0.00246852  -0.00280129  0.00195312  0.0265834  -0.0832719  -0.0920997  
0.00240366  -0.00320261  0.0022289  0.0386762  -0.0447678  -0.100371  
0.00298014  -0.00325428  0.00243449  0.0280195  -0.090005  -0.107253  
0.00292426  -0.00293992  0.00265421  0.0471673  -0.0490257  -0.083176  
0.00243974  -0.00275747  0.00241528  0.0249791  -0.0729543  -0.066621  
0.00279309  -0.00318472  0.0023441  0.0273052  -0.0917369  -0.0563311  
0.00279309  -0.00316568  0.00222672  0.0273133  -0.0584045  -0.0563321  
0.00239162  -0.00342308  0.00265422  0.0641683  -0.0393426  -0.0285175  
0.00192949  -0.00251542  0.00248505  0.0510312  -0.0393383  -0.0311978  
0.00187794  -0.00219532  0.00190865  -0.0146083  -0.0654892  0.0042424  
0.00169894  -0.00219532  0.00178484  0.00598708  -0.0641875  -0.00784207  
0.00268312  -0.00212549  0.00190865  0.00597869  -0.0937946  -0.0249564  
0.00250236  -0.00232294  0.00190865  0.0059865  -0.121302  -0.023927  
0.00282471  -0.00273313  0.00251166  0.026362  -0.112335  -0.0358523  
0.00290094  -0.00305286  0.00294331  0.058768  -0.0807889  -0.0239245  
0.00319849  -0.00315129  0.00305563  0.0587441  -0.0953913  -0.0239261  
0.00229689  -0.00309069  0.00294331  0.0645305  -0.0807731  -0.0225565  
0.00292375  -0.00331746  0.00294331  0.0937093  -0.0497592  -0.0557845  
0.00287359  -0.0037939  0.00431302  0.157913  -0.100559  -0.0718996  
0.00292375  -0.00363073  0.00384369  0.113924  -0.0554299  -0.0866102  
0.00267972  -0.00336831  0.00347635  0.0839573  -0.0553619  -0.0715619  
0.00292375  -0.00374003  0.00376452  0.0962252  -0.0656838  -0.067676  
0.00320298  -0.00394851  0.00403537  0.0991403  -0.0643325  -0.106032  
0.0020105  -0.00376225  0.00427556  0.10146  -0.0460152  -0.0731321  
0.00266434  -0.00354665  0.00379247  0.110232  -0.090279  -0.0712752  
0.00304279  -0.00354665  0.00379247  0.10148  -0.0741867  -0.0738467  
0.00233045  -0.00354665  0.00379247  0.083418  -0.0531572  -0.056317  
0.00256825  -0.00347049  0.00379247  0.0788956  -0.0802361  -0.0492727  
0.00243575  -0.00281898  0.00337242  0.0482782  -0.0754652  -0.0447957  
0.00294003  -0.0017569  0.00112394  -0.0749457  -0.069952  -0.175054  
0.00353634  -0.00115071  -2.74739e-05  -0.102309  -0.126122  -0.112568  
0.00512246  -0.00180681  0.000937231  -0.0427762  -0.191345  -0.164843  
0.00475236  -0.00191575  0.00123158  -0.0242242  -0.181362  -0.146532  
0.00497923  -0.00252216  0.00180936  -0.00179562  -0.134604  -0.134127  
0.00455605  -0.00318135  0.00239168  0.00893194  -0.134598  -0.0967182  
0.00420938  -0.00360377  0.00222139  -0.00189709  -0.117274  -0.0967127  
0.00420938  -0.00360834  0.00239168  0.0193575  -0.110811  -0.102179  
0.00420938  -0.00361247  0.00284043  0.0482319  -0.140633  -0.122107  
0.00373701  -0.00403466  0.00279095  0.0260793  -0.100204  -0.12797  
0.00402486  -0.00375909  0.00279095  0.0381144  -0.121582  -0.127935  
0.00420938  -0.0045528  0.00335623  0.0480598  -0.115167  -0.150969  
0.00340759  -0.00404118  0.00337821  0.0541178  -0.0837284  -0.13561  
0.00453987  -0.00460101  0.0034838  0.0846723  -0.158574  -0.150879  
0.00393178  -0.0038599  0.00379196  0.0847555  -0.099373  -0.183914  
0.00369545  -0.00379337  0.00381737  0.0847631  -0.125154  -0.150846  
0.00469054  -0.0038599  0.00353511  0.0685625  -0.121297  -0.150841  
0.00438531  -0.00380519  0.0032945  0.0748054  -0.099569  -0.137121  
0.00419043  -0.00352859  0.00329314  0.0412818  -0.0997805  -0.147664  
0.00469054  -0.00345971  0.00329313  0.0412714  -0.107544  -0.12519  
0.0039686  -0.00391462  0.0034531  0.0543314  -0.130938  -0.10498  
0.00429832  -0.00391462  0.00361341  0.022348  -0.127055  -0.144166  
0.00368339  -0.00391462  0.00348597  0.0412599  -0.0965403  -0.118709  
0.0036386  -0.00391462  0.00303358  0.0467334  -0.0964974  -0.109486  
0.00355922  -0.00314055  0.00303358  0.0643971  -0.0965098  -0.110498  
0.00341123  -0.00425827  0.0036603  0.0665748  -0.0941516  -0.127181  
0.00408833  -0.00425827  0.00386416  0.0608828  -0.107924  -0.110595  
0.00403209  -0.00425827  0.0036459  0.0738623  -0.0966188  -0.0889139  
0.00408833  -0.00479957  0.0040587  0.0812557  -0.101765  -0.118256  
0.00363783  -0.0045871  0.0045277  0.09113  -0.119822  -0.108311  
0.00440551  -0.00479957  0.00473566  0.0830185  -0.127937  -0.164515  
0.00360704  -0.00500012  0.00483694  0.0910622  -0.0967374  -0.164605  
0.00401006  -0.00527512  0.00473566  0.10419  -0.123432  -0.122855  
0.00425095  -0.00532375  0.00426342  0.120944  -0.096734  -0.170867  
0.00412595  -0.00536899  0.00448375  0.100472  -0.0967512  -0.140771  
0.00495365  -0.00543648  0.00492271  0.102976  -0.10949  -0.142944  
0.00391043  -0.00543648  0.00482359  0.111623  -0.067792  -0.13873  
0.00408072  -0.00543648  0.00482837  0.113374  -0.0895752  -0.159964  
0.00329464  -0.00574633  0.00488896  0.112569  -0.0624287  -0.132099  
0.0041842  -0.0065808  0.00547578  0.124359  -0.0843436  -0.137051  
0.00346963  -0.00563618  0.00499967  0.0818191  -0.0801595  -0.124614  
0.00371799  -0.00557927  0.00475874  0.0790223  -0.110724  -0.114768  
0.00400818  -0.00541426  0.00509337  0.079034  -0.127646  -0.173477  
0.00412908  -0.00580584  0.0051502  0.0789946  -0.104563  -0.180686  
0.00438575  -0.00626993  0.00651264  0.101962  -0.148568  -0.187297  
0.00431405  -0.006087  0.00602755  0.0901629  -0.104716  -0.134295  
0.00332616  -0.00609735  0.00532183  0.0960324  -0.0951209  -0.0973327  
0.00353275  -0.00567645  0.00532183  0.0819528  -0.133198  -0.131816  
0.00426387  -0.00666477  0.0058816  0.119917  -0.0756457  -0.121889  
0.00287758  -0.00774295  0.00744175  0.169959  -0.0759174  -0.1467  
0.00384672  -0.00723335  0.00661913  0.159613  -0.0834086  -0.165781  
0.0033493  -0.00739586  0.00647282  0.140012  -0.0660312  -0.160593  
0.00444709  -0.00828914  0.00712995  0.133547  -0.147094  -0.226005  
0.00298361  -0.00772715  0.00728717  0.177784  -0.0496686  -0.177194  
0.00343222  -0.0068425  0.00677949  0.16503  -0.0866588  -0.177312  
0.0042357  -0.00804703  0.00698233  0.155401  -0.109683  -0.17755  
0.00368715  -0.0074977  0.00677949  0.155437  -0.0548588  -0.0972829  
0.00411386  -0.0074977  0.006649  0.126236  -0.0890776  -0.122696  
0.0036148  -0.0074977  0.00677949  0.121672  -0.0890749  -0.135797  
0.00372722  -0.00730893  0.00677949  0.119619  -0.0815848  -0.140549  
0.00309936  -0.0069505  0.00614067  0.110626  -0.0534971  -0.116822  
0.00324378  -0.00582975  0.0057098  0.099199  -0.0963172  -0.133388  
0.00338769  -0.00612807  0.00592199  0.103249  -0.0671154  -0.158567  
0.00381675  -0.0071512  0.00667612  0.143632  -0.0965599  -0.158782  
0.00411976  -0.0082746  0.00787916  0.16595  -0.107395  -0.193705  
0.00423784  -0.00704638  0.00721173  0.110953  -0.0967893  -0.185169  
0.00400022  -0.00826529  0.00748419  0.136432  -0.0997108  -0.156721  
0.00332751  -0.00712292  0.00651135  0.0995618  -0.0777051  -0.175321  
0.00304475  -0.0063773  0.00595753  0.0929387  -0.0964818  -0.166327  
0.00390386  -0.00686714  0.00621127  0.099659  -0.12523  -0.149111  
0.00408139  -0.00791317  0.00765515  0.132563  -0.111266  -0.201835  
0.00348196  -0.00631103  0.00650693  0.0993347  -0.0390081  -0.13308  
0.0033206  -0.0056746  0.00592522  0.0899617  -0.0954534  -0.130191  
0.00302845  -0.00513876  0.00571829  0.0829511  -0.110378  -0.149801  
0.00332858  -0.00456545  0.00571829  0.0800136  -0.106509  -0.162595  
0.00334154  -0.00456545  0.00565062  0.0800202  -0.106505  -0.183191  
0.00359702  -0.0050196  0.00571828  0.0799901  -0.116421  -0.151669  
0.00359702  -0.00495793  0.00571828  0.0799938  -0.145238  -0.142469  
0.004275  -0.0052837  0.00571829  0.0799561  -0.124013  -0.187738  
0.0034847  -0.00563242  0.00615722  0.0847613  -0.0986907  -0.166255  
0.00341823  -0.00545644  0.00571829  0.0799564  -0.135713  -0.166205  
0.00398876  -0.00545645  0.00571829  0.0799564  -0.130239  -0.201404  
0.00424805  -0.00626459  0.0061165  0.123492  -0.105402  -0.183351  
0.00359659  -0.00679051  0.00692839  0.17194  -0.0605468  -0.131002  
0.00292046  -0.00585504  0.00677829  0.166327  -0.0686991  -0.130439  
0.00371326  -0.00577671  0.00644332  0.166619  -0.0989321  -0.159822  
0.00344482  -0.0061612  0.00631629  0.159414  -0.069784  -0.180936  
0.00322441  -0.00616121  0.00644332  0.159335  -0.0697688  -0.180928  
0.00419709  -0.00695011  0.00685428  0.145985  -0.117372  -0.212957  
0.00347511  -0.0067184  0.00696823  0.156268  -0.0552783  -0.137569  
0.00369151  -0.00691299  0.00675506  0.127668  -0.135688  -0.158396  
0.00359615  -0.00691299  0.00674938  0.12769  -0.112247  -0.174519  
0.00324377  -0.00777427  0.00731982  0.154281  -0.0958228  -0.197573  
0.00340715  -0.0075196  0.00798191  0.202001  -0.117907  -0.185093  
0.00369151  -0.00745883  0.008124  0.201884  -0.0961646  -0.206226  
0.00328875  -0.00864108  0.00899762  0.217478  -0.0775208  -0.171606  
0.00278868  -0.00761892  0.00846389  0.207483  -0.0868158  -0.169751  
0.00298999  -0.00651208  0.00806452  0.166062  -0.114687  -0.182914  
