-0.00140441  -0.000179292  -0.000400946  3.6865e-05  -0.0370605  0.00777165  
-0.000869147  -0.000189298  -0.000400946  0.00217293  -0.053767  -7.4994e-05  
-0.00170557  -0.00026593  -0.000400946  0.0215172  -0.0344747  0.0083112  
-0.00112574  -0.000387049  -0.000400946  0.0126569  -0.0756779  -5.72274e-05  
-0.00164287  -0.000353905  -0.000400946  0.0131248  -0.0317238  0.0496864  
-0.00118134  -0.000407998  -0.000400946  0.00488998  -0.0727896  0.0303333  
-0.00139842  -0.000455553  -0.000400946  0.00915436  -0.0210444  0.0200621  
-0.000835863  -5.56601e-05  -0.000400946  0.00486219  -0.0555306  0.0201366  
-0.000865336  -0.000128667  -0.000727669  -0.00395569  -0.0158953  0.0201589  
-0.000636655  -0.000108739  -0.000400946  0.00486356  -0.0527138  0.0201872  
-0.00109779  -5.21624e-05  -0.000400946  -0.00120049  -0.0257753  0.0201504  
-0.000865336  -0.000133287  -0.000400946  0.00486611  -0.0264646  0.024794  
-0.000865336  -5.50473e-06  -0.000400946  0.00486838  -0.0203284  -0.00182023  
-0.000865336  -0.000455553  -0.000400946  0.0048744  -0.00209087  0.0201533  
-0.000618758  -0.000455553  -0.000400946  0.0048744  -0.0425015  -0.00503193  
-0.000774124  -0.000455553  -0.000400946  -0.00853279  0.00963527  0.00530668  
-0.000246579  -0.000298419  -0.000186883  -0.00412942  -0.0286329  0.00236185  
-0.000865335  -0.000455553  -0.000400946  -0.0113638  -0.00610812  -0.00493936  
-0.000249428  -6.79125e-05  6.7274e-05  0.00690819  -0.0158842  0.0176449  
4.80372e-05  5.57945e-05  -0.000187079  -0.0101191  -0.00817454  -0.0314583  
0.000129798  -0.000104283  0.000171614  0.0112749  -0.00440851  -0.0107447  
-0.000438165  -9.27234e-05  -8.60923e-05  0.000742331  0.00624478  -0.0163585  
-0.000651283  -6.9466e-05  7.90944e-05  0.00815579  0.0160955  0.020301  
-0.000438358  -0.000208196  0.00058928  0.0112832  -0.00249723  0.00372279  
-0.000885477  -0.00016415  0.000524603  0.00101341  0.0160607  0.0443724  
-0.000593867  -0.000455553  0.000304019  0.0113017  -0.00454953  0.0361435  
-0.00108458  -0.000247145  0.000118766  0.00180325  0.0143167  0.0361574  
-0.000277767  -0.000455553  0.000118766  0.00175993  -0.0163658  0.0237735  
-0.000351907  -0.000455553  0.000590317  0.0113357  0.0596555  0.02131  
-0.000545959  -0.000635988  0.000656159  0.0113379  0.0311194  0.048844  
-0.00081898  -0.000559708  0.000813178  0.0134522  0.0636015  0.068708  
-0.000716048  -0.000625344  0.000844424  0.0113474  0.0364399  0.0481844  
-0.000919626  -0.000455553  0.000792377  0.0113333  0.0304562  0.0647507  
-0.000596854  -0.000455553  0.000844425  0.0113353  0.0326456  0.0385531  
-0.000376484  -0.000455553  0.000844425  0.0113353  0.0591922  0.0544953  
-0.00075329  -0.000455553  0.000844425  0.00876069  0.038871  0.0545198  
-0.00071402  -0.000455553  0.000844425  0.0113353  0.062111  0.0855537  
-0.000917913  -0.000455553  0.000844425  0.01928  0.0620967  0.0513957  
-7.16621e-05  -0.000455553  0.000844425  0.0215226  0.0511906  0.0408606  
-0.000776901  -0.000455553  0.000844425  0.0495565  0.109964  0.0378899  
-0.000255668  -0.000455553  0.000726488  0.0355902  0.0901017  0.0335838  
-0.000210314  -0.00086307  0.000626197  0.0397905  0.0819387  0.0513838  
-0.000692202  -0.000457142  0.000447615  0.039506  0.112602  0.0315372  
-0.000388095  -0.000429988  0.000562225  0.0410743  0.0595682  0.018981  
-0.000226291  -0.000372462  0.000439527  0.0495309  0.0543838  0.046266  
-0.000200513  -0.000668746  0.000439527  0.0385432  0.0798004  0.0118797  
0.000124575  -0.000504822  0.000861763  0.0495771  0.068964  0.0255493  
0.000212517  -0.000395511  0.000989374  0.0427977  0.0825372  -0.00378327  
0.000212517  -0.000780413  0.00147219  0.049643  0.0620029  0.0284449  
7.65309e-05  -0.000622517  0.00119562  0.0495986  0.101277  0.00893958  
0.000931749  -0.000786214  0.00102117  0.0721619  0.0999411  0.0152095  
0.000798451  -0.00086307  0.00102117  0.0721631  0.153759  -0.00515764  
0.000848756  -0.000924913  0.00138069  0.072214  0.118757  0.0104771  
0.000559569  -0.00086307  0.00171786  0.0722888  0.161022  0.0183266  
0.000893493  -0.00086307  0.00155478  0.0722729  0.113922  -0.011762  
0.000679693  -0.000757208  0.00155478  0.0749973  0.152053  0.020027  
0.0013467  -0.000930942  0.00155478  0.0789215  0.121354  -0.0347588  
0.00144876  -0.000521452  0.00155478  0.0902005  0.144524  -0.0347607  
0.00183377  -0.000930942  0.00155478  0.0737646  0.122445  -0.0282639  
0.000741721  -0.000666922  0.00155478  0.0824522  0.152089  0.00694305  
0.000925833  -0.000835253  0.00155478  0.0858802  0.112365  -0.0240383  
0.000854209  -0.000930942  0.0017093  0.0902054  0.141171  0.00741419  
0.00149935  -0.000930942  0.00171236  0.0902079  0.162041  -0.0454729  
0.00138198  -0.000930942  0.00173561  0.0944361  0.146723  -0.0239294  
0.00114342  -0.000930942  0.00189172  0.100608  0.162977  -0.022337  
0.000925833  -0.000703813  0.00182424  0.114387  0.166576  -0.00507557  
0.000925833  -0.000497308  0.00155478  0.098313  0.139796  -0.0344839  
0.00151109  -0.000396649  0.00170984  0.102376  0.157843  -0.0145077  
0.000927018  -5.20988e-05  0.00148335  0.0946769  0.178331  -0.0272985  
0.00129191  -0.000188073  0.00155478  0.0947132  0.178295  -0.0149796  
0.000661543  -0.000208006  0.00155478  0.0947324  0.200471  -0.0360297  
0.00117237  -0.000280386  0.0018782  0.0948105  0.157628  -0.0475183  
0.000703454  -0.000191269  0.00193729  0.110849  0.19707  -0.0359191  
0.000927018  -0.000438177  0.00194139  0.0967228  0.144784  -0.0435429  
0.000927018  -0.00020872  0.00174926  0.110738  0.174645  -0.00926327  
0.0014184  -0.000382546  0.00183341  0.104005  0.139394  -0.0184303  
0.000927018  -0.00023047  0.00201781  0.103075  0.183919  -0.0092839  
0.0014416  -0.000568457  0.00176111  0.10442  0.141598  -0.0325828  
0.000683772  -0.000115526  0.00202053  0.108265  0.191654  -0.00919894  
0.00111758  -0.000807142  0.00205094  0.110763  0.124946  -0.0467373  
0.000845967  -0.000489603  0.00223877  0.118922  0.183231  -0.0167685  
0.00231596  -0.000781976  0.00209216  0.111334  0.176318  -0.0832467  
0.0106292  0.000133589  0.00166192  0.0944226  0.123029  -0.333991  
0.0067329  0.000379223  0.000977704  0.0936136  0.152148  -0.311116  
0.00629144  0.00038339  0.00124952  0.0936737  0.107833  -0.31706  
0.00484927  0.000801589  0.0016924  0.121579  0.159136  -0.257655  
0.0047411  0.000740067  0.00181559  0.12766  0.122757  -0.226164  
0.00367428  0.000801588  0.00207317  0.131698  0.167444  -0.189113  
0.00443438  0.000801589  0.00160111  0.126197  0.137312  -0.218341  
0.00382051  0.000801588  0.00160111  0.128954  0.176151  -0.198159  
0.00427023  0.000801588  0.00138564  0.120719  0.147513  -0.247905  
0.0037367  0.00111969  0.00111563  0.116605  0.173589  -0.247733  
0.00400807  0.000801588  0.00118827  0.126909  0.121774  -0.276341  
0.00344  0.00108836  0.000935428  0.129251  0.155775  -0.240937  
0.00435775  0.00118172  0.00129731  0.120464  0.129748  -0.269856  
0.00381176  0.00148593  0.00102606  0.123429  0.143697  -0.287761  
0.00469572  0.00159293  0.00105686  0.117979  0.133782  -0.276253  
0.00406469  0.00159293  0.000951946  0.11327  0.144692  -0.279858  
0.00460732  0.00177669  0.000691743  0.118283  0.110464  -0.279912  
0.00463178  0.00170881  0.000824721  0.0976584  0.130074  -0.318153  
0.00512505  0.00210696  0.000635499  0.10394  0.132917  -0.290318  
0.00522684  0.00210696  0.000287708  0.119535  0.132944  -0.294507  
0.00509915  0.00238118  0.000973188  0.135265  0.132839  -0.245618  
0.00534427  0.00224849  0.000870409  0.133177  0.107162  -0.291274  
0.00499542  0.00234208  0.00069765  0.133191  0.122606  -0.286322  
0.00543888  0.00234094  0.000592753  0.133199  0.110375  -0.291275  
0.00499541  0.00243018  0.000510641  0.133219  0.146786  -0.261711  
0.00610786  0.00247936  0.00082756  0.13329  0.127671  -0.255082  
0.00491731  0.00257649  0.000741602  0.139391  0.152744  -0.248901  
0.00592369  0.00257649  0.00049741  0.117839  0.101927  -0.303254  
0.00511966  0.0027886  0.000519906  0.133325  0.140471  -0.267759  
0.00610174  0.00257649  0.000287708  0.133216  0.127727  -0.305885  
0.00562846  0.00257649  0.000557995  0.133265  0.139138  -0.285005  
0.00591304  0.00257649  0.000834247  0.128408  0.127656  -0.285285  
0.00584686  0.00257649  0.000913155  0.133333  0.146432  -0.279008  
0.00638513  0.00315168  0.00119617  0.133604  0.12739  -0.352273  
0.00613175  0.00257649  0.00130399  0.133419  0.151488  -0.287257  
0.00668575  0.00237725  0.00110053  0.13893  0.129661  -0.339741  
0.00579549  0.00229313  0.0013317  0.172239  0.127542  -0.264872  
0.00563963  0.000782452  0.00323139  0.217191  0.126956  -0.245734  
0.00579549  0.0010988  0.00281887  0.213556  0.136325  -0.242535  
0.00633182  0.000946388  0.00262218  0.198954  0.146016  -0.265446  
0.0050735  0.00086744  0.00306126  0.226961  0.154554  -0.225389  
0.0050735  0.00086744  0.00323759  0.204491  0.111586  -0.257784  
0.00501118  0.00086744  0.00314414  0.214387  0.119939  -0.242249  
0.00524484  0.000433561  0.00357151  0.229151  0.115224  -0.28046  
0.00507351  0.000175762  0.00365018  0.240784  0.128458  -0.251861  
0.00507351  -0.000357561  0.00434511  0.26372  0.111164  -0.238864  
0.00448277  -0.000149344  0.00461973  0.263855  0.133363  -0.209763  
0.0056349  -0.000335378  0.00455215  0.245177  0.110984  -0.233283  
0.0056349  -5.87023e-05  0.0040891  0.245159  0.129928  -0.243841  
0.0052177  -0.000514843  0.00444363  0.257076  0.127749  -0.193738  
0.00486777  -0.00115327  0.00535027  0.287931  0.108471  -0.148474  
0.00581358  -0.000755103  0.00527088  0.279074  0.132753  -0.221169  
0.00588558  7.97109e-05  0.00482928  0.250139  0.151547  -0.205291  
0.00763777  0.000371568  0.0040993  0.2396  0.11803  -0.394512  
0.00681977  0.000212247  0.00411941  0.237958  0.166337  -0.325017  
0.00883218  0.000659703  0.00340295  0.214961  0.11404  -0.415973  
0.00701034  0.000739046  0.00406602  0.237075  0.148142  -0.323573  
0.00760649  0.000465637  0.00419107  0.219543  0.096234  -0.329781  
0.00630876  0.000492589  0.00448697  0.226495  0.158031  -0.274155  
0.00724502  0.000467351  0.00387564  0.214942  0.14024  -0.30554  
0.0071387  0.000467351  0.00382711  0.214933  0.181405  -0.279014  
0.00620197  -0.000297288  0.0046785  0.240577  0.165024  -0.26414  
0.00686598  6.31093e-05  0.00421293  0.228945  0.140062  -0.273445  
0.00598948  -0.00166175  0.00595134  0.282615  0.132821  -0.246386  
0.00609284  -0.00104137  0.00581726  0.282854  0.163329  -0.270396  
0.00631212  -0.00187927  0.00691688  0.282685  0.118903  -0.288038  
0.00609987  -0.00181896  0.00591582  0.282575  0.165411  -0.279232  
0.00705959  -0.002108  0.00589683  0.28247  0.165105  -0.30662  
0.0070652  -0.00213495  0.00586083  0.282436  0.165105  -0.303808  
0.00671079  -0.00247244  0.0060099  0.282404  0.213085  -0.271693  
0.00706406  -0.00251219  0.00591939  0.28235  0.194381  -0.267855  
0.00690402  -0.00187474  0.00585184  0.266235  0.209607  -0.299483  
0.00720788  -0.00151018  0.00615813  0.268729  0.181704  -0.274564  
0.00768367  -0.00133709  0.00520367  0.230709  0.21222  -0.331751  
0.00786366  -0.00133709  0.00482905  0.221992  0.194508  -0.339501  
0.00741463  -0.0010252  0.00556729  0.232822  0.231526  -0.328135  
0.0083308  -0.000739499  0.00518608  0.224745  0.174633  -0.344313  
0.00821766  -0.000255439  0.00498149  0.224884  0.18452  -0.401897  
0.00891071  -0.000286162  0.00516197  0.227255  0.172  -0.354906  
0.0114444  -0.000681574  0.00406635  0.21412  0.132327  -0.486943  
0.0113886  -0.000303036  0.00360845  0.214217  0.13252  -0.520014  
0.0123577  -0.000355284  0.00341934  0.214164  0.0883093  -0.595358  
0.0117271  -0.000444162  0.00335566  0.229383  0.117399  -0.615523  
0.0117271  -0.000690894  0.00426831  0.235658  0.130582  -0.541384  
0.0117271  -0.000819868  0.00408073  0.230204  0.130647  -0.527761  
0.00974162  -0.000444286  0.00439704  0.242344  0.153191  -0.473383  
0.0093375  -0.000808998  0.00491278  0.237956  0.140453  -0.404074  
0.00888198  -0.00107817  0.00498734  0.22595  0.153307  -0.38612  
0.00898367  -0.000829992  0.00532253  0.223713  0.176969  -0.355482  
0.00835903  -0.00201013  0.0053502  0.238829  0.163908  -0.361239  
0.00868188  -0.00168755  0.00546764  0.220976  0.137724  -0.347067  
0.00859508  -0.00132742  0.0052112  0.201346  0.137893  -0.311999  
0.00936632  -0.00218651  0.0063059  0.20116  0.124932  -0.284432  
0.00880517  -0.00230485  0.00676557  0.209162  0.132565  -0.330462  
0.0092239  -0.00276882  0.00682739  0.222374  0.137089  -0.289733  
0.00927218  -0.00249764  0.00621367  0.201095  0.162717  -0.339573  
0.00939233  -0.00250951  0.00667825  0.226589  0.137524  -0.284783  
0.00860527  -0.00266734  0.00664534  0.232948  0.155466  -0.297801  
0.00891253  -0.00301331  0.00700661  0.242773  0.159576  -0.277345  
0.00944052  -0.00253164  0.00628419  0.230206  0.162497  -0.389515  
0.00925644  -0.00217465  0.00638189  0.23551  0.134607  -0.372132  
0.0100865  -0.00314814  0.00657311  0.215606  0.147353  -0.392459  
0.009701  -0.00273658  0.00617947  0.201065  0.165513  -0.327967  
0.0106258  -0.00290131  0.00642313  0.201071  0.191858  -0.307726  
0.00878501  -0.00244193  0.00653196  0.223084  0.194824  -0.225326  
0.00854826  -0.00323752  0.00727763  0.240208  0.179278  -0.21402  
0.00856558  -0.00270731  0.00741567  0.235618  0.194523  -0.230758  
0.00894698  -0.00335964  0.00748723  0.227417  0.190053  -0.226256  
0.00902721  -0.00219647  0.00694678  0.213546  0.230983  -0.270801  
0.0110526  -0.00271998  0.00687873  0.224417  0.173192  -0.347729  
0.0107448  -0.00177053  0.00575802  0.22098  0.212291  -0.438198  
0.0118914  -0.00236091  0.00572284  0.21829  0.16697  -0.440803  
0.010914  -0.00246625  0.00600547  0.218421  0.216346  -0.440634  
0.010914  -0.00246918  0.00621104  0.236075  0.196265  -0.342223  
0.00935596  -0.00217084  0.00634379  0.2238  0.213959  -0.302776  
0.00955151  -0.00265491  0.00647071  0.226271  0.189502  -0.255525  
0.00844316  -0.00220082  0.00689272  0.236338  0.217313  -0.247034  
0.00913148  -0.00256922  0.00643741  0.244339  0.17593  -0.281782  
0.00857732  -0.00221196  0.00643741  0.236234  0.189138  -0.323908  
0.00974321  -0.0017148  0.00572924  0.175764  0.193583  -0.266977  
0.0116412  -0.00128959  0.0037931  -0.00893213  0.12451  -0.457584  
0.0111416  -0.000918274  0.00403192  0.048696  0.166171  -0.429625  
0.0119509  -0.000738143  0.00407075  0.134676  0.122186  -0.503819  
0.0119595  -0.000450164  0.00306357  0.100936  0.240365  -0.452742  
0.0132745  -0.000673182  0.00265817  0.100737  0.216419  -0.507893  
0.0125918  -0.000599794  0.00300758  0.127227  0.219199  -0.478998  
0.011763  -0.000589282  0.0021962  0.0786188  0.180214  -0.618702  
0.0119373  -0.00112263  0.00279747  0.118431  0.177605  -0.642646  
0.0119373  -0.00168191  0.0030054  0.118217  0.225487  -0.639492  
0.0111584  -0.00209814  0.00403699  0.153492  0.250323  -0.540611  
0.0148214  -0.00223787  0.00259154  0.160559  0.182082  -0.85239  
0.0127728  -0.00238536  0.00262407  0.169573  0.287141  -0.634656  
0.0155697  -0.00240694  0.00290177  0.172992  0.118046  -0.8789  
0.0155461  -0.00320898  0.00363934  0.167018  0.160618  -0.772258  
0.0151983  -0.00233879  0.00313014  0.161009  0.157198  -0.712983  
0.0141378  -0.000806842  0.00221661  0.131708  0.181044  -0.712443  
0.0148851  -0.000608176  0.00221661  0.157911  0.1806  -0.660386  
0.0136629  -0.00189582  0.00289231  0.154183  0.20907  -0.63459  
0.0141062  -0.00247241  0.00360607  0.153676  0.144172  -0.677697  
0.0138447  -0.000212652  0.00226135  0.0919683  0.156625  -0.777312  
0.0138122  0.000125446  0.00178078  0.0381823  0.155778  -0.883971  
0.0142686  -0.000497392  0.00194259  0.0803818  0.174007  -0.80312  
0.0147023  -0.000381367  0.00201802  0.0786193  0.181609  -0.825006  
0.014822  0.000125446  0.00177121  0.0635143  0.176007  -0.798952  
0.0137834  -0.000860163  0.00149154  0.0766044  0.174447  -0.805645  
0.0163175  0.00144719  -0.000378052  0.0393534  0.084706  -1.04079  
0.0143246  0.0012726  -0.000473753  0.0161158  0.123411  -1.02847  
0.0152718  0.000926958  3.02938e-05  0.0228221  0.148614  -1.00342  
0.0137644  0.000457502  -0.000533608  0.0318708  0.0782497  -1.03142  
0.0119956  -0.000312651  0.00067758  0.0661783  0.113615  -0.943651  
0.0125686  -0.000244272  0.000910848  0.0734527  0.148922  -0.911668  
0.0139331  -0.000628295  0.0014788  0.0828023  0.115233  -0.889932  
