-0.00107819  -0.00102143  -0.000949465  0.0147641  -0.0417369  -0.0936367  
-0.00100866  -0.000610104  -0.000773681  0.0274582  -0.0417878  0.017541  
-0.000797231  -0.000773594  -0.000492119  0.0458431  0.000770786  0.10922  
-0.000620878  -0.000781749  -0.000774621  0.0363028  0.00995649  0.0948305  
-0.00125629  -0.000963235  -0.000492119  0.0270616  -0.028262  -0.0238023  
-0.00112766  -0.00074392  -0.000631001  0.0101772  -0.0446737  -0.0618842  
-0.000825964  -0.000714587  -0.000492119  0.0220897  -0.0271051  0.0418627  
-0.000653235  -0.000560786  -0.000492119  0.0270274  0.000840756  0.0619135  
-0.000607454  -0.000780512  -0.000634556  0.0270511  0.000843749  0.0408121  
-0.00038881  -0.00102143  -0.000629799  0.0423296  0.00086478  0.0921547  
-0.000686653  -0.000819469  -0.000682703  0.0344082  0.0174894  0.0580039  
-0.000423751  -0.000646264  -0.000492119  0.0324853  0.000872801  0.0787518  
-0.000586952  -0.000843716  -0.000617094  0.0164567  0.000840192  0.0213392  
-0.000250241  -0.00043929  -0.000492119  0.0268976  0.0100163  0.0800902  
-0.000384954  -0.000508864  -0.000492119  0.0253645  0.0171735  0.0660825  
0.000594948  -0.000562941  -0.000492119  0.000214744  -0.0143922  -0.062118  
-0.000180655  -0.000359111  -0.000252612  -0.00153891  0.00088516  -0.0311938  
-0.00039584  -9.85329e-05  -0.000222822  1.20873e-05  -0.0170171  -0.0159753  
0.000124185  -3.03352e-05  8.31288e-05  0.00349661  0.00275514  0.0212533  
-0.000112216  -0.000103544  4.64021e-05  -0.00574605  0.0106849  -0.0200127  
-0.000224035  4.04552e-05  4.64021e-05  -0.00574133  -0.00757553  -0.00308567  
-0.000129711  -0.000103544  4.64021e-05  -0.00574605  0.00268286  -0.0377836  
-0.000110898  -0.000103544  4.64021e-05  -0.00574605  0.0146707  -0.0232135  
0.000177657  -0.000103544  4.64021e-05  -0.00574605  0.00210738  -0.0232169  
6.9716e-05  -0.000103544  -6.95171e-05  -0.00575182  0.0345269  -0.00425351  
0.000579532  -0.000103544  -0.000103664  -0.0057531  0.0305351  -0.00219741  
0.000154799  -0.000103544  4.64021e-05  -0.00574605  0.0351724  0.00840343  
0.000391875  -0.00016955  4.64021e-05  0.00519866  0.015834  -0.0331829  
0.000127082  -0.000103544  4.64021e-05  0.00262005  0.0333692  -0.00428104  
0.000563246  -0.000103544  4.64021e-05  0.0127369  0.0158638  0.00188631  
0.000113642  -0.000263195  0.000186633  0.00764069  0.049214  0.00839616  
0.000479223  -0.000299323  4.64021e-05  0.0127376  0.0419761  0.0256641  
8.26584e-06  -0.000310272  4.64021e-05  0.0127357  0.0349675  0.00424534  
0.000318359  -0.000103544  0.000519835  0.0194307  0.0158533  0.0256846  
0.000236053  -0.000327038  0.000470965  0.0203357  0.0420936  -0.00591784  
0.00055249  -0.00039312  0.000470965  0.0262387  0.0246392  0.0422631  
0.000348592  -0.000261302  0.000399632  0.0215691  0.0561871  0.042265  
0.000568263  -0.000103544  0.000470965  0.0244811  0.0261932  0.0422788  
0.000435544  -0.000103544  0.000886632  0.0127371  0.0452778  0.0047868  
0.000427891  6.05903e-05  0.000714627  0.0127198  0.0268318  0.0256442  
8.26584e-06  0.000347569  0.000470965  0.0327128  0.0158405  0.0246788  
-0.000400717  0.000133554  0.000687358  0.0173533  -0.023496  -0.09655  
-0.000136568  0.000286708  0.000934224  0.0127236  -0.023523  -0.0304399  
0.000318723  0.00050488  0.000944618  0.0309339  0.0269517  0.0463003  
0.000265293  0.000367891  0.00117637  0.0127252  0.0269287  -0.00879041  
8.26584e-06  0.000652865  0.00107708  0.0127832  -0.00624906  -0.0784694  
0.000261704  0.000525425  0.00115956  0.0318998  0.001367  0.0177175  
0.000580716  0.000571424  0.00107708  0.0120605  0.0275018  0.0177141  
0.000896137  0.000538527  0.00107708  0.0148863  0.020728  -0.00170446  
0.000835421  0.000856621  0.00131597  0.0229341  0.0340054  0.0641051  
0.000770503  0.00058302  0.00101148  0.0158574  0.043926  0.0174008  
0.000835421  0.00102863  0.00107708  0.0318189  0.0631636  0.0701395  
0.000695582  0.000598205  0.00142164  0.0318756  0.0553096  0.036635  
0.000952048  0.000731411  0.00131986  0.0296936  0.0547799  0.0762594  
0.00111406  0.000731411  0.00107708  0.0191379  0.0601601  0.0477201  
0.00123436  0.000731411  0.00141651  0.0235118  0.0608261  0.0762482  
0.00123486  0.000731411  0.00144966  0.0215916  0.0602504  0.0560039  
0.00128469  0.000731411  0.00169873  0.0255303  0.0683414  0.0853275  
0.00128469  0.000790409  0.00157539  0.0216603  0.0752301  0.059297  
0.00157118  0.000731411  0.00157539  0.0318776  0.0683712  0.0931905  
0.00128469  0.000793961  0.00116061  0.0218614  0.0736566  0.0476872  
0.00150334  0.000731411  0.00154902  0.0151648  0.0683572  0.0818326  
0.00128469  0.000731411  0.00136433  0.0151561  0.0809554  0.0432879  
0.00139389  0.000999004  0.00159578  0.0207189  0.0683532  0.0795244  
0.00128469  0.000945965  0.00151326  0.000417527  0.0683416  0.0383623  
0.00135019  0.00106363  0.00151326  0.0151112  0.0683445  0.0738718  
0.00169878  0.00103364  0.00151325  0.00409275  0.0757656  0.0345991  
0.0019349  0.00104156  0.00145173  0.0150829  0.105142  0.0979639  
0.00174997  0.00108159  0.00151325  0.0129674  0.0836816  0.0758386  
0.00193317  0.000969484  0.00151325  0.0210882  0.105137  0.117663  
0.00215058  0.000984948  0.00156718  0.0151185  0.0915059  0.0546349  
0.0019594  0.00112747  0.00151325  0.0150999  0.105131  0.0875261  
0.00206365  0.000999439  0.00151325  0.00837554  0.105138  0.0445274  
0.00215058  0.00103938  0.00161052  0.0151235  0.10514  0.0854259  
0.00178265  0.00104665  0.00151325  0.0151055  0.0871242  0.0570726  
0.00215058  0.00141643  0.00151325  0.0150655  0.0964728  0.0984743  
0.00197403  0.00116266  0.00151325  0.0151013  0.105133  0.0420871  
0.00215058  0.0012273  0.00172067  0.020083  0.105134  0.0962503  
0.00164697  0.00123426  0.00151325  0.0150886  0.105106  0.0533255  
0.00204088  0.00142602  0.00151325  0.0150629  0.0936524  0.112775  
0.0019311  0.00142602  0.00151325  0.0125248  0.105125  0.0834334  
0.00215058  0.00156484  0.00171717  0.015069  0.10514  0.108258  
0.00193904  0.00142602  0.00156484  0.00395918  0.116462  0.108286  
0.00200706  0.00157862  0.00151325  0.00907535  0.105128  0.12634  
0.00194572  0.00172884  0.00151325  0.00833228  0.108894  0.124221  
0.00250731  0.0017396  0.00151325  0.00593321  0.134051  0.146744  
0.00203382  0.00171527  0.00151325  0.00453944  0.132166  0.13375  
0.00240391  0.00177182  0.00166386  0.00531561  0.141678  0.169538  
0.00215058  0.00176652  0.00151325  0.00406239  0.139214  0.130747  
0.00258969  0.00184876  0.00170531  0.000915578  0.139287  0.171528  
0.00228847  0.00228746  0.00160889  -0.00430642  0.129234  0.115974  
0.00264371  0.00228746  0.00184964  0.00263113  0.139292  0.182105  
0.00255863  0.00228746  0.0017219  -0.00106897  0.139284  0.132696  
0.00323163  0.00228746  0.00166993  -0.00107598  0.139403  0.175805  
0.0028586  0.00228746  0.00151325  -0.00760718  0.139323  0.144181  
0.00351794  0.00228746  0.00166469  -0.00648473  0.143671  0.176959  
0.0028586  0.00237892  0.00192995  -0.00103217  0.161424  0.157183  
0.00248102  0.00228746  0.00151325  -0.00109784  0.135793  0.177132  
0.00291857  0.00228746  0.00151325  -0.00539524  0.167441  0.184982  
0.00362329  0.00228746  0.00151325  -0.00109784  0.167601  0.193555  
0.00348452  0.00267825  0.00171313  0.00872312  0.202014  0.248121  
0.00404467  0.00269634  0.0018704  0.0149555  0.176725  0.210445  
0.00392631  0.00276661  0.00209814  0.0156906  0.207547  0.228964  
0.00487334  0.0025982  0.00176056  0.0130906  0.207763  0.205692  
0.00429667  0.00276661  0.00198228  0.0153775  0.219933  0.261096  
0.00409378  0.00276661  0.00193937  0.00848465  0.200662  0.212561  
0.00461843  0.00276661  0.001955  0.0130966  0.207625  0.260397  
0.00441597  0.00270975  0.00176839  0.00949004  0.207556  0.201236  
0.00461326  0.00276661  0.00192335  0.00337283  0.218085  0.265796  
0.00470049  0.00281668  0.00176839  -0.00114794  0.215294  0.205405  
0.00471369  0.00276661  0.00199826  -0.00109055  0.216808  0.270477  
0.00487939  0.00288561  0.00203768  0.0127554  0.23506  0.220555  
0.00527237  0.00276661  0.00203768  0.0135167  0.235136  0.260987  
0.0047744  0.00276661  0.00203768  0.00912496  0.23504  0.199753  
0.0058055  0.00276661  0.00203768  0.014124  0.248535  0.260091  
0.00569751  0.00282417  0.0017377  0.0117823  0.265093  0.22855  
0.00601079  0.00276661  0.00203768  0.0185365  0.265155  0.251486  
0.00552276  0.00276661  0.00183543  0.0170655  0.265065  0.228629  
0.00641947  0.00312155  0.00203768  0.0280878  0.269124  0.277732  
0.00592641  0.00276661  0.00187083  0.0276485  0.272441  0.248049  
0.00673545  0.00276661  0.00203768  0.0308695  0.273994  0.287486  
0.0061613  0.00276661  0.00186774  0.0229959  0.26502  0.228088  
0.00663263  0.00331565  0.00179968  0.0351127  0.28807  0.313341  
0.00533493  0.00331565  0.00203768  0.0188308  0.25824  0.289179  
0.00640332  0.00322001  0.00203768  0.0267215  0.26793  0.324114  
0.00608512  0.00331565  0.0016367  0.0186823  0.267865  0.267665  
0.00694446  0.00331565  0.00203747  0.0132852  0.269345  0.312504  
0.00641251  0.00326544  0.0016367  0.0252043  0.301024  0.298729  
0.00745945  0.00331565  0.00184503  0.0291045  0.291265  0.332705  
0.00671595  0.00286281  0.0016367  0.0392821  0.31901  0.304703  
0.00731371  0.00283228  0.00149583  0.0392394  0.304105  0.306937  
0.00686622  0.00289983  0.00137823  0.0370563  0.30574  0.311984  
0.00802287  0.00284055  0.00116735  0.0368764  0.316666  0.331669  
0.0071028  0.00289983  0.00148624  0.0392328  0.312744  0.337354  
0.00806642  0.00289983  0.00135721  0.0503268  0.333134  0.361426  
0.00770455  0.00289983  0.00116735  0.0448248  0.347944  0.340936  
0.00894197  0.00325437  0.001333  0.0560577  0.362178  0.385607  
0.0081619  0.00316073  0.00116735  0.0390426  0.356521  0.378911  
0.00941018  0.00382965  0.00123704  0.0524287  0.377495  0.425214  
0.00813238  0.00364306  0.00116735  0.051357  0.363663  0.381963  
0.0096567  0.00426398  0.000908053  0.0613747  0.389026  0.462413  
0.00952612  0.00403401  0.000755977  0.0578454  0.418776  0.47739  
0.0104119  0.00403401  0.000906498  0.0595932  0.42616  0.540657  
0.00980956  0.00425784  0.000755977  0.0522815  0.401757  0.521165  
0.00942526  0.00403401  0.000964585  0.0547078  0.398697  0.540463  
0.00920777  0.00434555  0.000755977  0.0509478  0.390526  0.482182  
0.00957048  0.00440895  0.00102673  0.0560708  0.377457  0.556647  
0.0101563  0.00433654  0.000997005  0.0594553  0.385733  0.519494  
0.0105982  0.00436651  0.000755978  0.0634772  0.422737  0.572243  
0.0102679  0.00456344  0.000982597  0.067191  0.399321  0.548616  
0.00971484  0.00453056  0.00112916  0.0799136  0.389567  0.590846  
0.0100389  0.00428811  0.00102377  0.0715512  0.378284  0.549238  
0.0102679  0.00462802  0.00117361  0.0798732  0.39713  0.588459  
0.0107755  0.00449663  0.00134763  0.0799808  0.401247  0.5406  
0.0109744  0.00476882  0.00134181  0.0822916  0.408605  0.641544  
0.00978021  0.00449096  0.00134181  0.0739106  0.378362  0.5399  
0.0104207  0.00473364  0.00117457  0.0798042  0.384925  0.568485  
0.00957462  0.00459492  0.00130049  0.074363  0.363704  0.489442  
0.01054  0.00477307  0.00120562  0.0797897  0.375443  0.56309  
0.010532  0.00467461  0.00126054  0.0763001  0.377087  0.513355  
0.0103295  0.004532  0.00113774  0.0798748  0.401641  0.53414  
0.0107679  0.00495923  0.00135097  0.0729526  0.374675  0.534038  
0.00993205  0.0048346  0.00121574  0.0797749  0.398654  0.534315  
0.0107679  0.00489742  0.00133448  0.0797819  0.376459  0.559549  
0.00953604  0.00495924  0.00118426  0.069013  0.381468  0.497459  
0.00989832  0.00495924  0.00145183  0.0748457  0.363404  0.521192  
0.00909388  0.00495923  0.00112401  0.0609477  0.385268  0.460037  
0.0105843  0.00495924  0.00161836  0.079876  0.390753  0.546482  
0.00980711  0.00495924  0.00133614  0.0626216  0.401426  0.496005  
0.0111568  0.00531824  0.00174281  0.079742  0.401983  0.577043  
0.0100142  0.00495924  0.00129781  0.0723637  0.398372  0.482754  
0.0107979  0.00495924  0.00140447  0.0729815  0.397908  0.556545  
0.00956801  0.00495924  0.00144673  0.0638078  0.38534  0.465794  
0.0110968  0.00514037  0.00158377  0.0797431  0.390053  0.578022  
0.0100793  0.00495924  0.00121407  0.079722  0.391206  0.495952  
0.0107825  0.0055797  0.00140999  0.0845695  0.389172  0.589826  
0.00974793  0.00529979  0.00141477  0.0796305  0.38636  0.474667  
0.0104766  0.00556353  0.00160327  0.0795608  0.396757  0.577903  
0.0100705  0.00513607  0.00162897  0.0630743  0.399335  0.510196  
0.0111568  0.00548878  0.00181653  0.0896783  0.406728  0.634446  
0.0104885  0.00524604  0.00163647  0.0873938  0.402049  0.531026  
0.0111568  0.00542734  0.00203705  0.100571  0.411498  0.637042  
0.00913315  0.00495924  0.00158732  0.0798433  0.395545  0.529092  
0.0102947  0.00536512  0.00170222  0.095838  0.396749  0.582646  
0.00893905  0.00511755  0.00152206  0.0797567  0.380217  0.458266  
0.0102664  0.00527359  0.00136448  0.0939341  0.390502  0.562319  
0.00905351  0.00495923  0.00136448  0.0797643  0.387686  0.50438  
0.00975357  0.00526238  0.00137223  0.0796186  0.376688  0.564521  
0.00823448  0.00526531  0.000833054  0.0649917  0.375164  0.482415  
0.00975357  0.00526493  0.00137772  0.0796124  0.37789  0.55523  
0.00894666  0.00511213  0.00132896  0.0796795  0.396311  0.529067  
0.00966431  0.00495923  0.0012743  0.0797318  0.390521  0.567416  
0.00854899  0.00495923  0.00115839  0.0797131  0.392675  0.50682  
0.00922928  0.0050141  0.00137586  0.0797797  0.399274  0.549451  
0.00825559  0.00495923  0.00131278  0.0614481  0.382676  0.469313  
0.00937223  0.00495923  0.00136836  0.079779  0.391247  0.573512  
0.00874085  0.00495923  0.00130507  0.0628954  0.390802  0.499621  
0.00975357  0.0053987  0.00141613  0.0720514  0.398578  0.585135  
0.00902949  0.00543777  0.00123531  0.0699848  0.408069  0.514227  
0.00975357  0.00495923  0.00135037  0.0746359  0.39235  0.579938  
0.00873206  0.00495923  0.00118437  0.0674839  0.422327  0.524266  
0.00975357  0.00536537  0.00140468  0.0795688  0.401938  0.59558  
0.00943358  0.00542262  0.00162453  0.0618852  0.42189  0.595691  
0.0108266  0.00526304  0.00119183  0.0795698  0.428413  0.642662  
0.0100107  0.00508045  0.00142739  0.0666071  0.43909  0.622858  
0.0104221  0.00524636  0.0015419  0.059575  0.436481  0.600038  
0.0110959  0.00551134  0.00142581  0.0665708  0.485114  0.690699  
0.0107231  0.00518235  0.00138767  0.0631909  0.476047  0.629134  
0.011318  0.00535621  0.00135987  0.0761738  0.504182  0.697514  
